0.1	0.11709	0.035914	0.040962	0.043471	0.023529	0.012812	4.0058	0.6797	0.2649	0.1472	0.0995	0.5
0.1	0.088385	0.060109	0.023373	0.02282	0.017965	0.0096466	4.0058	0.6797	0.2649	0.1472	0.0995	0.5
0.1	0.070266	0.018672	0.0083521	0.0045833	0.0028314	0.0018279	4.0058	0.6797	0.2649	0.1472	0.0995	0.5
0.1	0.093782	0.017329	0.0091622	0.0081365	0.0048525	0.0029726	4.0058	0.6797	0.2649	0.1472	0.0995	0.5
0.1	0.11011	0.066117	0.065762	0.026353	0.030497	0.019048	4.0058	0.6797	0.2649	0.1472	0.0995	0.5
0.1	0.13707	0.063329	0.025797	0.023689	0.025394	0.012656	4.0058	0.6797	0.2649	0.1472	0.0995	0.5
0.1	0.066387	0.066731	0.042289	0.018219	0.01232	0.0097694	4.0058	0.6797	0.2649	0.1472	0.0995	0.5
0.1	0.059588	0.031818	0.02174	0.017743	0.014858	0.016311	4.0058	0.6797	0.2649	0.1472	0.0995	0.5
0.1	0.086069	0.049738	0.022813	0.025457	0.013185	0.0083715	4.0058	0.6797	0.2649	0.1472	0.0995	0.5
0.1	0.095482	0.12882	0.053085	0.029128	0.024205	0.021104	4.0058	0.6797	0.2649	0.1472	0.0995	0.5
0.1	0.073185	0.031976	0.025026	0.010325	0.0047219	0.0029447	4.0058	0.6797	0.2649	0.1472	0.0995	0.5
0.1	0.11423	0.058304	0.038239	0.019613	0.014312	0.0098005	4.0058	0.6797	0.2649	0.1472	0.0995	0.5
0.1	0.086232	0.02764	0.011396	0.0040814	0.002823	0.0023212	4.0058	0.6797	0.2649	0.1472	0.0995	0.5
0.1	0.062773	0.02146	0.007184	0.0062142	0.0036037	0.0021141	4.0058	0.6797	0.2649	0.1472	0.0995	0.5
0.1	0.048077	0.013361	0.01058	0.0081223	0.005007	0.0032141	4.0058	0.6797	0.2649	0.1472	0.0995	0.5
0.1	0.10248	0.080954	0.033918	0.016028	0.010048	0.0066792	4.0058	0.6797	0.2649	0.1472	0.0995	0.5
0.1	0.1395	0.036125	0.014219	0.0066055	0.0070319	0.0077668	4.0058	0.6797	0.2649	0.1472	0.0995	0.5
0.1	0.070669	0.012475	0.0067899	0.0055681	0.0049081	0.0044739	4.0058	0.6797	0.2649	0.1472	0.0995	0.5
0.1	0.069882	0.024929	0.015178	0.014765	0.018292	0.015008	4.0058	0.6797	0.2649	0.1472	0.0995	0.5
0.1	0.087482	0.027951	0.010955	0.0088376	0.0096857	0.0095586	4.0058	0.6797	0.2649	0.1472	0.0995	0.5
0.1	0.2035	0.073031	0.050985	0.033332	0.036616	0.03713	4.0058	0.6797	0.2649	0.1472	0.0995	0.5
0.1	0.21487	0.073503	0.045308	0.045693	0.049393	0.035515	4.0058	0.6797	0.2649	0.1472	0.0995	0.5
0.1	0.24513	0.045708	0.026495	0.011589	0.0077656	0.0048568	4.0058	0.6797	0.2649	0.1472	0.0995	0.5
0.1	0.18189	0.041668	0.018167	0.0080377	0.004512	0.0027568	4.0058	0.6797	0.2649	0.1472	0.0995	0.5
0.1	0.092178	0.073028	0.028497	0.011978	0.0066257	0.0038491	4.0058	0.6797	0.2649	0.1472	0.0995	0.5
0.1	0.13145	0.031784	0.017693	0.0099608	0.0054675	0.0034121	4.0058	0.6797	0.2649	0.1472	0.0995	0.5
0.1	0.059932	0.029946	0.015685	0.0064669	0.0046847	0.0035171	4.0058	0.6797	0.2649	0.1472	0.0995	0.5
0.1	0.057106	0.033742	0.012924	0.0086644	0.0096459	0.0066658	4.0058	0.6797	0.2649	0.1472	0.0995	0.5
0.1	0.13658	0.04994	0.041616	0.016301	0.010126	0.0064796	4.0058	0.6797	0.2649	0.1472	0.0995	0.5
0.1	0.10702	0.057362	0.023162	0.017238	0.012502	0.0098081	4.0058	0.6797	0.2649	0.1472	0.0995	0.5
0.1	0.051447	0.019404	0.02106	0.012963	0.010405	0.010295	4.0058	0.6797	0.2649	0.1472	0.0995	0.5
0.1	0.074474	0.050919	0.043143	0.062251	0.070527	0.058185	4.0058	0.6797	0.2649	0.1472	0.0995	0.5
0.1	0.1392	0.098401	0.051297	0.066529	0.034175	0.032552	4.0058	0.6797	0.2649	0.1472	0.0995	0.5
0.1	0.17021	0.10691	0.028869	0.020793	0.021617	0.016525	4.0058	0.6797	0.2649	0.1472	0.0995	0.5
0.1	0.13782	0.058878	0.10737	0.065022	0.046243	0.031737	4.0058	0.6797	0.2649	0.1472	0.0995	0.5
0.1	0.21555	0.11071	0.065247	0.078628	0.080085	0.055399	4.0058	0.6797	0.2649	0.1472	0.0995	0.5
0.1	0.062864	0.024211	0.010036	0.0093229	0.013843	0.015859	4.0058	0.6797	0.2649	0.1472	0.0995	0.5
0.1	0.084675	0.028618	0.011115	0.0063919	0.0048893	0.0066587	4.0058	0.6797	0.2649	0.1472	0.0995	0.5
0.1	0.098743	0.038158	0.020001	0.011275	0.0093157	0.0075425	4.0058	0.6797	0.2649	0.1472	0.0995	0.5
0.1	0.14046	0.037888	0.01308	0.0059261	0.004491	0.0027522	4.0058	0.6797	0.2649	0.1472	0.0995	0.5
0.1	0.068544	0.03275	0.01926	0.016962	0.010602	0.010848	4.0058	0.6797	0.2649	0.1472	0.0995	0.5
0.1	0.10897	0.089223	0.047849	0.018475	0.016412	0.011796	4.0058	0.6797	0.2649	0.1472	0.0995	0.5
0.1	0.13315	0.037484	0.02371	0.015802	0.014648	0.013874	4.0058	0.6797	0.2649	0.1472	0.0995	0.5
0.1	0.11072	0.065893	0.025591	0.015805	0.010596	0.0080831	4.0058	0.6797	0.2649	0.1472	0.0995	0.5
0.2	0.23419	0.071827	0.081924	0.086942	0.047058	0.025624	4.0058	0.6797	0.2649	0.1472	0.0995	0.5
0.2	0.17677	0.12022	0.046745	0.045639	0.03593	0.019293	4.0058	0.6797	0.2649	0.1472	0.0995	0.5
0.2	0.14053	0.037345	0.016704	0.0091667	0.0056629	0.0036558	4.0058	0.6797	0.2649	0.1472	0.0995	0.5
0.2	0.18756	0.034658	0.018324	0.016273	0.009705	0.0059452	4.0058	0.6797	0.2649	0.1472	0.0995	0.5
0.2	0.22022	0.13223	0.13152	0.052706	0.060995	0.038097	4.0058	0.6797	0.2649	0.1472	0.0995	0.5
0.2	0.27414	0.12666	0.051594	0.047378	0.050788	0.025311	4.0058	0.6797	0.2649	0.1472	0.0995	0.5
0.2	0.13277	0.13346	0.084578	0.036438	0.02464	0.019539	4.0058	0.6797	0.2649	0.1472	0.0995	0.5
0.2	0.11918	0.063637	0.043479	0.035486	0.029717	0.032621	4.0058	0.6797	0.2649	0.1472	0.0995	0.5
0.2	0.17214	0.099477	0.045626	0.050914	0.026371	0.016743	4.0058	0.6797	0.2649	0.1472	0.0995	0.5
0.2	0.19096	0.25765	0.10617	0.058255	0.048409	0.042208	4.0058	0.6797	0.2649	0.1472	0.0995	0.5
0.2	0.14637	0.063952	0.050053	0.020649	0.0094438	0.0058894	4.0058	0.6797	0.2649	0.1472	0.0995	0.5
0.2	0.22846	0.11661	0.076477	0.039227	0.028624	0.019601	4.0058	0.6797	0.2649	0.1472	0.0995	0.5
0.2	0.17246	0.055279	0.022792	0.0081628	0.0056458	0.0046422	4.0058	0.6797	0.2649	0.1472	0.0995	0.5
0.2	0.12555	0.04292	0.014368	0.012428	0.0072072	0.0042282	4.0058	0.6797	0.2649	0.1472	0.0995	0.5
0.2	0.096154	0.026722	0.02116	0.016244	0.010014	0.006428	4.0058	0.6797	0.2649	0.1472	0.0995	0.5
0.2	0.20495	0.16191	0.067835	0.032055	0.020097	0.013358	4.0058	0.6797	0.2649	0.1472	0.0995	0.5
0.2	0.27899	0.072249	0.028439	0.013211	0.014064	0.015533	4.0058	0.6797	0.2649	0.1472	0.0995	0.5
0.2	0.14134	0.02495	0.01358	0.011136	0.0098165	0.008948	4.0058	0.6797	0.2649	0.1472	0.0995	0.5
0.2	0.13976	0.049859	0.030357	0.029531	0.036583	0.030016	4.0058	0.6797	0.2649	0.1472	0.0995	0.5
0.2	0.17496	0.055902	0.02191	0.017675	0.019371	0.019117	4.0058	0.6797	0.2649	0.1472	0.0995	0.5
0.2	0.407	0.14606	0.10197	0.066665	0.073232	0.074261	4.0058	0.6797	0.2649	0.1472	0.0995	0.5
0.2	0.42975	0.14701	0.090617	0.091386	0.098786	0.07103	4.0058	0.6797	0.2649	0.1472	0.0995	0.5
0.2	0.49027	0.091416	0.05299	0.023178	0.015531	0.0097134	4.0058	0.6797	0.2649	0.1472	0.0995	0.5
0.2	0.36377	0.083336	0.036334	0.016076	0.0090242	0.0055135	4.0058	0.6797	0.2649	0.1472	0.0995	0.5
0.2	0.18436	0.14606	0.056995	0.023957	0.013252	0.0076984	4.0058	0.6797	0.2649	0.1472	0.0995	0.5
0.2	0.2629	0.063568	0.035387	0.019922	0.010935	0.0068242	4.0058	0.6797	0.2649	0.1472	0.0995	0.5
0.2	0.11986	0.059893	0.031369	0.012934	0.0093692	0.0070339	4.0058	0.6797	0.2649	0.1472	0.0995	0.5
0.2	0.11421	0.067483	0.025848	0.017329	0.019292	0.013332	4.0058	0.6797	0.2649	0.1472	0.0995	0.5
0.2	0.27317	0.099879	0.083231	0.032602	0.020251	0.012959	4.0058	0.6797	0.2649	0.1472	0.0995	0.5
0.2	0.21404	0.11472	0.046325	0.034477	0.025005	0.019616	4.0058	0.6797	0.2649	0.1472	0.0995	0.5
0.2	0.10289	0.038808	0.04212	0.025925	0.020809	0.020589	4.0058	0.6797	0.2649	0.1472	0.0995	0.5
0.2	0.14895	0.10184	0.086286	0.1245	0.14106	0.11637	4.0058	0.6797	0.2649	0.1472	0.0995	0.5
0.2	0.2784	0.1968	0.10259	0.13306	0.068349	0.065105	4.0058	0.6797	0.2649	0.1472	0.0995	0.5
0.2	0.34043	0.21381	0.057739	0.041585	0.043233	0.03305	4.0058	0.6797	0.2649	0.1472	0.0995	0.5
0.2	0.27564	0.11775	0.21473	0.13004	0.092486	0.063475	4.0058	0.6797	0.2649	0.1472	0.0995	0.5
0.2	0.43111	0.22142	0.13049	0.15726	0.16017	0.1108	4.0058	0.6797	0.2649	0.1472	0.0995	0.5
0.2	0.12573	0.048422	0.020072	0.018646	0.027686	0.031718	4.0058	0.6797	0.2649	0.1472	0.0995	0.5
0.2	0.16935	0.057236	0.02223	0.012784	0.0097786	0.013318	4.0058	0.6797	0.2649	0.1472	0.0995	0.5
0.2	0.19748	0.076316	0.040001	0.022549	0.018631	0.015085	4.0058	0.6797	0.2649	0.1472	0.0995	0.5
0.2	0.28093	0.075777	0.02616	0.011852	0.008982	0.0055044	4.0058	0.6797	0.2649	0.1472	0.0995	0.5
0.2	0.13709	0.065501	0.03852	0.033925	0.021205	0.021697	4.0058	0.6797	0.2649	0.1472	0.0995	0.5
0.2	0.21793	0.17845	0.095697	0.036951	0.032824	0.023591	4.0058	0.6797	0.2649	0.1472	0.0995	0.5
0.2	0.26629	0.074969	0.04742	0.031604	0.029295	0.027748	4.0058	0.6797	0.2649	0.1472	0.0995	0.5
0.2	0.22144	0.13179	0.051182	0.031609	0.021193	0.016167	4.0058	0.6797	0.2649	0.1472	0.0995	0.5
0.3	0.35128	0.10774	0.12289	0.13041	0.070587	0.038436	4.0058	0.6797	0.2649	0.1472	0.0995	0.5
0.3	0.26516	0.18033	0.070118	0.068459	0.053894	0.02894	4.0058	0.6797	0.2649	0.1472	0.0995	0.5
0.3	0.2108	0.056017	0.025057	0.01375	0.0084944	0.0054836	4.0058	0.6797	0.2649	0.1472	0.0995	0.5
0.3	0.28135	0.051987	0.027487	0.02441	0.014558	0.0089181	4.0058	0.6797	0.2649	0.1472	0.0995	0.5
0.3	0.33032	0.19835	0.19729	0.079059	0.091492	0.057145	4.0058	0.6797	0.2649	0.1472	0.0995	0.5
0.3	0.41121	0.18999	0.077391	0.071067	0.076182	0.037967	4.0058	0.6797	0.2649	0.1472	0.0995	0.5
0.3	0.19916	0.20019	0.12687	0.054657	0.036959	0.029308	4.0058	0.6797	0.2649	0.1472	0.0995	0.5
0.3	0.17876	0.095454	0.065219	0.053228	0.044575	0.048932	4.0058	0.6797	0.2649	0.1472	0.0995	0.5
0.3	0.25821	0.14922	0.068439	0.076371	0.039556	0.025114	4.0058	0.6797	0.2649	0.1472	0.0995	0.5
0.3	0.28645	0.38647	0.15925	0.087383	0.072614	0.063311	4.0058	0.6797	0.2649	0.1472	0.0995	0.5
0.3	0.21955	0.095928	0.075079	0.030974	0.014166	0.0088341	4.0058	0.6797	0.2649	0.1472	0.0995	0.5
0.3	0.34269	0.17491	0.11472	0.05884	0.042937	0.029402	4.0058	0.6797	0.2649	0.1472	0.0995	0.5
0.3	0.2587	0.08292	0.034187	0.012244	0.0084689	0.0069633	4.0058	0.6797	0.2649	0.1472	0.0995	0.5
0.3	0.18832	0.06438	0.021552	0.018643	0.010811	0.0063424	4.0058	0.6797	0.2649	0.1472	0.0995	0.5
0.3	0.14423	0.040083	0.03174	0.024367	0.015021	0.009642	4.0058	0.6797	0.2649	0.1472	0.0995	0.5
0.3	0.30743	0.24286	0.10175	0.048083	0.030145	0.020037	4.0058	0.6797	0.2649	0.1472	0.0995	0.5
0.3	0.41849	0.10837	0.042658	0.019817	0.021096	0.0233	4.0058	0.6797	0.2649	0.1472	0.0995	0.5
0.3	0.21201	0.037426	0.02037	0.016705	0.014725	0.013422	4.0058	0.6797	0.2649	0.1472	0.0995	0.5
0.3	0.20965	0.074788	0.045535	0.044296	0.054875	0.045024	4.0058	0.6797	0.2649	0.1472	0.0995	0.5
0.3	0.26245	0.083853	0.032864	0.026513	0.029057	0.028676	4.0058	0.6797	0.2649	0.1472	0.0995	0.5
0.3	0.6105	0.2191	0.15295	0.099997	0.10985	0.11139	4.0058	0.6797	0.2649	0.1472	0.0995	0.5
0.3	0.64462	0.22051	0.13593	0.13708	0.14818	0.10654	4.0058	0.6797	0.2649	0.1472	0.0995	0.5
0.3	0.7354	0.13712	0.079487	0.034768	0.023297	0.01457	4.0058	0.6797	0.2649	0.1472	0.0995	0.5
0.3	0.54566	0.125	0.054502	0.024113	0.013536	0.0082701	4.0058	0.6797	0.2649	0.1472	0.0995	0.5
0.3	0.27654	0.21908	0.085491	0.035936	0.019877	0.011547	4.0058	0.6797	0.2649	0.1472	0.0995	0.5
0.3	0.39435	0.095352	0.05308	0.029882	0.016403	0.010236	4.0058	0.6797	0.2649	0.1472	0.0995	0.5
0.3	0.1798	0.08984	0.047055	0.019401	0.014054	0.010551	4.0058	0.6797	0.2649	0.1472	0.0995	0.5
0.3	0.17132	0.10122	0.038771	0.025993	0.028938	0.019998	4.0058	0.6797	0.2649	0.1472	0.0995	0.5
0.3	0.40975	0.14982	0.12485	0.048903	0.030377	0.019439	4.0058	0.6797	0.2649	0.1472	0.0995	0.5
0.3	0.32105	0.17209	0.069488	0.051715	0.037508	0.029425	4.0058	0.6797	0.2649	0.1472	0.0995	0.5
0.3	0.15434	0.058211	0.06318	0.038888	0.031214	0.030884	4.0058	0.6797	0.2649	0.1472	0.0995	0.5
0.3	0.22342	0.15276	0.12943	0.18675	0.21158	0.17455	4.0058	0.6797	0.2649	0.1472	0.0995	0.5
0.3	0.41759	0.2952	0.15389	0.19959	0.10252	0.097657	4.0058	0.6797	0.2649	0.1472	0.0995	0.5
0.3	0.51064	0.32072	0.086608	0.062378	0.06485	0.049575	4.0058	0.6797	0.2649	0.1472	0.0995	0.5
0.3	0.41346	0.17663	0.3221	0.19507	0.13873	0.095212	4.0058	0.6797	0.2649	0.1472	0.0995	0.5
0.3	0.64666	0.33214	0.19574	0.23588	0.24026	0.1662	4.0058	0.6797	0.2649	0.1472	0.0995	0.5
0.3	0.18859	0.072632	0.030108	0.027969	0.041529	0.047578	4.0058	0.6797	0.2649	0.1472	0.0995	0.5
0.3	0.25402	0.085854	0.033345	0.019176	0.014668	0.019976	4.0058	0.6797	0.2649	0.1472	0.0995	0.5
0.3	0.29623	0.11448	0.060002	0.033824	0.027947	0.022628	4.0058	0.6797	0.2649	0.1472	0.0995	0.5
0.3	0.42139	0.11367	0.03924	0.017778	0.013473	0.0082566	4.0058	0.6797	0.2649	0.1472	0.0995	0.5
0.3	0.20563	0.098251	0.057779	0.050887	0.031807	0.032546	4.0058	0.6797	0.2649	0.1472	0.0995	0.5
0.3	0.3269	0.26767	0.14355	0.055424	0.049235	0.035387	4.0058	0.6797	0.2649	0.1472	0.0995	0.5
0.3	0.39944	0.11245	0.07113	0.047406	0.043943	0.041622	4.0058	0.6797	0.2649	0.1472	0.0995	0.5
0.3	0.33216	0.19768	0.076774	0.047415	0.03179	0.02425	4.0058	0.6797	0.2649	0.1472	0.0995	0.5
0.4	0.46838	0.14365	0.16385	0.17388	0.094116	0.051248	4.0058	0.6797	0.2649	0.1472	0.0995	0.5
0.4	0.35354	0.24044	0.09349	0.091279	0.071859	0.038586	4.0058	0.6797	0.2649	0.1472	0.0995	0.5
0.4	0.28106	0.07469	0.033409	0.018333	0.011326	0.0073115	4.0058	0.6797	0.2649	0.1472	0.0995	0.5
0.4	0.37513	0.069315	0.036648	0.032546	0.01941	0.01189	4.0058	0.6797	0.2649	0.1472	0.0995	0.5
0.4	0.44043	0.26447	0.26305	0.10541	0.12199	0.076194	4.0058	0.6797	0.2649	0.1472	0.0995	0.5
0.4	0.54827	0.25332	0.10319	0.094756	0.10158	0.050623	4.0058	0.6797	0.2649	0.1472	0.0995	0.5
0.4	0.26555	0.26692	0.16916	0.072876	0.049279	0.039078	4.0058	0.6797	0.2649	0.1472	0.0995	0.5
0.4	0.23835	0.12727	0.086959	0.070971	0.059433	0.065242	4.0058	0.6797	0.2649	0.1472	0.0995	0.5
0.4	0.34428	0.19895	0.091253	0.10183	0.052742	0.033486	4.0058	0.6797	0.2649	0.1472	0.0995	0.5
0.4	0.38193	0.5153	0.21234	0.11651	0.096819	0.084415	4.0058	0.6797	0.2649	0.1472	0.0995	0.5
0.4	0.29274	0.1279	0.10011	0.041298	0.018887	0.011779	4.0058	0.6797	0.2649	0.1472	0.0995	0.5
0.4	0.45692	0.23322	0.15295	0.078452	0.057247	0.039202	4.0058	0.6797	0.2649	0.1472	0.0995	0.5
0.4	0.34493	0.11056	0.045583	0.016326	0.011292	0.009285	4.0058	0.6797	0.2649	0.1472	0.0995	0.5
0.4	0.25109	0.085839	0.028736	0.024856	0.014414	0.0084562	4.0058	0.6797	0.2649	0.1472	0.0995	0.5
0.4	0.19231	0.053444	0.042321	0.032489	0.020028	0.012856	4.0058	0.6797	0.2649	0.1472	0.0995	0.5
0.4	0.40991	0.32382	0.13567	0.064111	0.040193	0.026716	4.0058	0.6797	0.2649	0.1472	0.0995	0.5
0.4	0.55799	0.1445	0.056877	0.026422	0.028128	0.031067	4.0058	0.6797	0.2649	0.1472	0.0995	0.5
0.4	0.28268	0.0499	0.02716	0.022272	0.019633	0.017896	4.0058	0.6797	0.2649	0.1472	0.0995	0.5
0.4	0.27953	0.099717	0.060714	0.059061	0.073166	0.060033	4.0058	0.6797	0.2649	0.1472	0.0995	0.5
0.4	0.34993	0.1118	0.04382	0.03535	0.038743	0.038234	4.0058	0.6797	0.2649	0.1472	0.0995	0.5
0.4	0.81399	0.29213	0.20394	0.13333	0.14646	0.14852	4.0058	0.6797	0.2649	0.1472	0.0995	0.5
0.4	0.8595	0.29401	0.18123	0.18277	0.19757	0.14206	4.0058	0.6797	0.2649	0.1472	0.0995	0.5
0.4	0.98054	0.18283	0.10598	0.046356	0.031062	0.019427	4.0058	0.6797	0.2649	0.1472	0.0995	0.5
0.4	0.72754	0.16667	0.07267	0.032152	0.018049	0.011027	4.0058	0.6797	0.2649	0.1472	0.0995	0.5
0.4	0.36871	0.29211	0.11399	0.047915	0.026504	0.015397	4.0058	0.6797	0.2649	0.1472	0.0995	0.5
0.4	0.5258	0.12714	0.070772	0.039843	0.02187	0.013648	4.0058	0.6797	0.2649	0.1472	0.0995	0.5
0.4	0.23973	0.11979	0.062738	0.025868	0.018739	0.014068	4.0058	0.6797	0.2649	0.1472	0.0995	0.5
0.4	0.22842	0.13497	0.051694	0.034658	0.038584	0.026664	4.0058	0.6797	0.2649	0.1472	0.0995	0.5
0.4	0.54634	0.19976	0.16646	0.065204	0.040502	0.025918	4.0058	0.6797	0.2649	0.1472	0.0995	0.5
0.4	0.42807	0.22945	0.09265	0.068953	0.05001	0.039233	4.0058	0.6797	0.2649	0.1472	0.0995	0.5
0.4	0.20579	0.077616	0.084241	0.051851	0.041618	0.041179	4.0058	0.6797	0.2649	0.1472	0.0995	0.5
0.4	0.29789	0.20368	0.17257	0.249	0.28211	0.23274	4.0058	0.6797	0.2649	0.1472	0.0995	0.5
0.4	0.55679	0.3936	0.20519	0.26612	0.1367	0.13021	4.0058	0.6797	0.2649	0.1472	0.0995	0.5
0.4	0.68085	0.42762	0.11548	0.083171	0.086466	0.0661	4.0058	0.6797	0.2649	0.1472	0.0995	0.5
0.4	0.55128	0.23551	0.42946	0.26009	0.18497	0.12695	4.0058	0.6797	0.2649	0.1472	0.0995	0.5
0.4	0.86221	0.44285	0.26099	0.31451	0.32034	0.22159	4.0058	0.6797	0.2649	0.1472	0.0995	0.5
0.4	0.25146	0.096844	0.040143	0.037292	0.055372	0.063437	4.0058	0.6797	0.2649	0.1472	0.0995	0.5
0.4	0.3387	0.11447	0.044461	0.025568	0.019557	0.026635	4.0058	0.6797	0.2649	0.1472	0.0995	0.5
0.4	0.39497	0.15263	0.080002	0.045098	0.037262	0.03017	4.0058	0.6797	0.2649	0.1472	0.0995	0.5
0.4	0.56185	0.15155	0.05232	0.023705	0.017964	0.011009	4.0058	0.6797	0.2649	0.1472	0.0995	0.5
0.4	0.27418	0.131	0.077041	0.06785	0.04241	0.043394	4.0058	0.6797	0.2649	0.1472	0.0995	0.5
0.4	0.43587	0.35689	0.19139	0.0739	0.065647	0.047182	4.0058	0.6797	0.2649	0.1472	0.0995	0.5
0.4	0.53258	0.14994	0.094839	0.063208	0.05859	0.055496	4.0058	0.6797	0.2649	0.1472	0.0995	0.5
0.4	0.44288	0.26357	0.10236	0.063218	0.042385	0.032332	4.0058	0.6797	0.2649	0.1472	0.0995	0.5
0.5	0.58547	0.17957	0.20481	0.21735	0.11765	0.06406	4.0058	0.6797	0.2649	0.1472	0.0995	0.5
0.5	0.44193	0.30055	0.11686	0.1141	0.089825	0.048233	4.0058	0.6797	0.2649	0.1472	0.0995	0.5
0.5	0.35133	0.093362	0.041761	0.022917	0.014157	0.0091394	4.0058	0.6797	0.2649	0.1472	0.0995	0.5
0.5	0.46891	0.086645	0.045811	0.040682	0.024262	0.014863	4.0058	0.6797	0.2649	0.1472	0.0995	0.5
0.5	0.55054	0.33058	0.32881	0.13176	0.15249	0.095242	4.0058	0.6797	0.2649	0.1472	0.0995	0.5
0.5	0.68534	0.31665	0.12898	0.11845	0.12697	0.063278	4.0058	0.6797	0.2649	0.1472	0.0995	0.5
0.5	0.33193	0.33365	0.21144	0.091094	0.061599	0.048847	4.0058	0.6797	0.2649	0.1472	0.0995	0.5
0.5	0.29794	0.15909	0.1087	0.088713	0.074291	0.081552	4.0058	0.6797	0.2649	0.1472	0.0995	0.5
0.5	0.43034	0.24869	0.11407	0.12729	0.065927	0.041857	4.0058	0.6797	0.2649	0.1472	0.0995	0.5
0.5	0.47741	0.64412	0.26542	0.14564	0.12102	0.10552	4.0058	0.6797	0.2649	0.1472	0.0995	0.5
0.5	0.36592	0.15988	0.12513	0.051623	0.02361	0.014724	4.0058	0.6797	0.2649	0.1472	0.0995	0.5
0.5	0.57116	0.29152	0.19119	0.098066	0.071559	0.049002	4.0058	0.6797	0.2649	0.1472	0.0995	0.5
0.5	0.43116	0.1382	0.056978	0.020407	0.014115	0.011606	4.0058	0.6797	0.2649	0.1472	0.0995	0.5
0.5	0.31386	0.1073	0.03592	0.031071	0.018018	0.010571	4.0058	0.6797	0.2649	0.1472	0.0995	0.5
0.5	0.24038	0.066804	0.052901	0.040612	0.025035	0.01607	4.0058	0.6797	0.2649	0.1472	0.0995	0.5
0.5	0.51239	0.40477	0.16959	0.080138	0.050241	0.033395	4.0058	0.6797	0.2649	0.1472	0.0995	0.5
0.5	0.69749	0.18062	0.071097	0.033028	0.035159	0.038834	4.0058	0.6797	0.2649	0.1472	0.0995	0.5
0.5	0.35334	0.062373	0.033948	0.027839	0.02454	0.022369	4.0058	0.6797	0.2649	0.1472	0.0995	0.5
0.5	0.34941	0.12465	0.075892	0.073827	0.091458	0.075041	4.0058	0.6797	0.2649	0.1472	0.0995	0.5
0.5	0.43741	0.13976	0.054774	0.044188	0.048428	0.047793	4.0058	0.6797	0.2649	0.1472	0.0995	0.5
0.5	1.0175	0.36516	0.25492	0.16666	0.18308	0.18565	4.0058	0.6797	0.2649	0.1472	0.0995	0.5
0.5	1.0744	0.36751	0.22654	0.22846	0.24696	0.17757	4.0058	0.6797	0.2649	0.1472	0.0995	0.5
0.5	1.2257	0.22854	0.13248	0.057945	0.038828	0.024284	4.0058	0.6797	0.2649	0.1472	0.0995	0.5
0.5	0.90943	0.20834	0.090836	0.040189	0.02256	0.013784	4.0058	0.6797	0.2649	0.1472	0.0995	0.5
0.5	0.46089	0.36514	0.14249	0.059893	0.033129	0.019246	4.0058	0.6797	0.2649	0.1472	0.0995	0.5
0.5	0.65725	0.15892	0.088466	0.049804	0.027337	0.017061	4.0058	0.6797	0.2649	0.1472	0.0995	0.5
0.5	0.29966	0.14973	0.078422	0.032335	0.023424	0.017586	4.0058	0.6797	0.2649	0.1472	0.0995	0.5
0.5	0.28553	0.16871	0.064619	0.043322	0.04823	0.03333	4.0058	0.6797	0.2649	0.1472	0.0995	0.5
0.5	0.68292	0.2497	0.20808	0.081504	0.050628	0.032398	4.0058	0.6797	0.2649	0.1472	0.0995	0.5
0.5	0.53509	0.28681	0.11581	0.086192	0.062513	0.049042	4.0058	0.6797	0.2649	0.1472	0.0995	0.5
0.5	0.25723	0.097019	0.1053	0.064813	0.052023	0.051473	4.0058	0.6797	0.2649	0.1472	0.0995	0.5
0.5	0.37237	0.2546	0.21572	0.31125	0.35264	0.29092	4.0058	0.6797	0.2649	0.1472	0.0995	0.5
0.5	0.69599	0.492	0.25648	0.33265	0.17087	0.16276	4.0058	0.6797	0.2649	0.1472	0.0995	0.5
0.5	0.85107	0.53453	0.14435	0.10396	0.10808	0.082624	4.0058	0.6797	0.2649	0.1472	0.0995	0.5
0.5	0.68909	0.29439	0.53683	0.32511	0.23122	0.15869	4.0058	0.6797	0.2649	0.1472	0.0995	0.5
0.5	1.0778	0.55356	0.32623	0.39314	0.40043	0.27699	4.0058	0.6797	0.2649	0.1472	0.0995	0.5
0.5	0.31432	0.12105	0.050179	0.046615	0.069215	0.079296	4.0058	0.6797	0.2649	0.1472	0.0995	0.5
0.5	0.42337	0.14309	0.055576	0.031959	0.024447	0.033294	4.0058	0.6797	0.2649	0.1472	0.0995	0.5
0.5	0.49371	0.19079	0.1	0.056373	0.046578	0.037713	4.0058	0.6797	0.2649	0.1472	0.0995	0.5
0.5	0.70232	0.18944	0.0654	0.029631	0.022455	0.013761	4.0058	0.6797	0.2649	0.1472	0.0995	0.5
0.5	0.34272	0.16375	0.0963	0.084811	0.053013	0.054242	4.0058	0.6797	0.2649	0.1472	0.0995	0.5
0.5	0.54484	0.44612	0.23924	0.092374	0.082059	0.058978	4.0058	0.6797	0.2649	0.1472	0.0995	0.5
0.5	0.66573	0.18742	0.11855	0.07901	0.073238	0.06937	4.0058	0.6797	0.2649	0.1472	0.0995	0.5
0.5	0.55361	0.32947	0.12795	0.079023	0.052981	0.040415	4.0058	0.6797	0.2649	0.1472	0.0995	0.5
0.6	0.70257	0.21548	0.24577	0.26083	0.14117	0.076872	4.0058	0.6797	0.2649	0.1472	0.0995	0.5
0.6	0.53031	0.36066	0.14024	0.13692	0.10779	0.057879	4.0058	0.6797	0.2649	0.1472	0.0995	0.5
0.6	0.4216	0.11203	0.050113	0.0275	0.016989	0.010967	4.0058	0.6797	0.2649	0.1472	0.0995	0.5
0.6	0.56269	0.10397	0.054972	0.048819	0.029115	0.017835	4.0058	0.6797	0.2649	0.1472	0.0995	0.5
0.6	0.66065	0.3967	0.39457	0.15812	0.18298	0.11429	4.0058	0.6797	0.2649	0.1472	0.0995	0.5
0.6	0.82241	0.37998	0.15478	0.14213	0.15236	0.075934	4.0058	0.6797	0.2649	0.1472	0.0995	0.5
0.6	0.39832	0.40038	0.25373	0.10931	0.073919	0.058616	4.0058	0.6797	0.2649	0.1472	0.0995	0.5
0.6	0.35753	0.19091	0.13044	0.10646	0.08915	0.097863	4.0058	0.6797	0.2649	0.1472	0.0995	0.5
0.6	0.51641	0.29843	0.13688	0.15274	0.079113	0.050229	4.0058	0.6797	0.2649	0.1472	0.0995	0.5
0.6	0.57289	0.77295	0.31851	0.17477	0.14523	0.12662	4.0058	0.6797	0.2649	0.1472	0.0995	0.5
0.6	0.43911	0.19186	0.15016	0.061948	0.028331	0.017668	4.0058	0.6797	0.2649	0.1472	0.0995	0.5
0.6	0.68539	0.34983	0.22943	0.11768	0.085871	0.058803	4.0058	0.6797	0.2649	0.1472	0.0995	0.5
0.6	0.5174	0.16584	0.068376	0.024488	0.016938	0.013927	4.0058	0.6797	0.2649	0.1472	0.0995	0.5
0.6	0.37663	0.12876	0.043104	0.037285	0.021622	0.012685	4.0058	0.6797	0.2649	0.1472	0.0995	0.5
0.6	0.28846	0.080165	0.063481	0.048734	0.030042	0.019284	4.0058	0.6797	0.2649	0.1472	0.0995	0.5
0.6	0.61486	0.48572	0.20351	0.096166	0.06029	0.040075	4.0058	0.6797	0.2649	0.1472	0.0995	0.5
0.6	0.83698	0.21675	0.085315	0.039632	0.042191	0.0466	4.0058	0.6797	0.2649	0.1472	0.0995	0.5
0.6	0.42401	0.07485	0.04074	0.033409	0.029448	0.026843	4.0058	0.6797	0.2649	0.1472	0.0995	0.5
0.6	0.41929	0.14958	0.091071	0.088592	0.10975	0.090049	4.0058	0.6797	0.2649	0.1472	0.0995	0.5
0.6	0.52489	0.16771	0.065729	0.053025	0.058114	0.057351	4.0058	0.6797	0.2649	0.1472	0.0995	0.5
0.6	1.221	0.43819	0.30591	0.19999	0.21969	0.22278	4.0058	0.6797	0.2649	0.1472	0.0995	0.5
0.6	1.2892	0.44102	0.27185	0.27416	0.29636	0.21309	4.0058	0.6797	0.2649	0.1472	0.0995	0.5
0.6	1.4708	0.27425	0.15897	0.069534	0.046593	0.02914	4.0058	0.6797	0.2649	0.1472	0.0995	0.5
0.6	1.0913	0.25001	0.109	0.048227	0.027072	0.01654	4.0058	0.6797	0.2649	0.1472	0.0995	0.5
0.6	0.55307	0.43817	0.17098	0.071872	0.039755	0.023095	4.0058	0.6797	0.2649	0.1472	0.0995	0.5
0.6	0.78871	0.1907	0.10616	0.059764	0.032805	0.020473	4.0058	0.6797	0.2649	0.1472	0.0995	0.5
0.6	0.35959	0.17968	0.094107	0.038801	0.028107	0.021102	4.0058	0.6797	0.2649	0.1472	0.0995	0.5
0.6	0.34264	0.20245	0.077544	0.051987	0.057876	0.039995	4.0058	0.6797	0.2649	0.1472	0.0995	0.5
0.6	0.8195	0.29964	0.2497	0.097806	0.060754	0.038878	4.0058	0.6797	0.2649	0.1472	0.0995	0.5
0.6	0.64211	0.34417	0.13898	0.10343	0.075014	0.058849	4.0058	0.6797	0.2649	0.1472	0.0995	0.5
0.6	0.30868	0.11642	0.12636	0.077776	0.062427	0.061768	4.0058	0.6797	0.2649	0.1472	0.0995	0.5
0.6	0.44684	0.30552	0.25886	0.37351	0.42316	0.34911	4.0058	0.6797	0.2649	0.1472	0.0995	0.5
0.6	0.83519	0.5904	0.30778	0.39918	0.20505	0.19531	4.0058	0.6797	0.2649	0.1472	0.0995	0.5
0.6	1.0213	0.64143	0.17322	0.12476	0.1297	0.099149	4.0058	0.6797	0.2649	0.1472	0.0995	0.5
0.6	0.82691	0.35326	0.6442	0.39013	0.27746	0.19042	4.0058	0.6797	0.2649	0.1472	0.0995	0.5
0.6	1.2933	0.66427	0.39148	0.47177	0.48051	0.33239	4.0058	0.6797	0.2649	0.1472	0.0995	0.5
0.6	0.37719	0.14527	0.060215	0.055938	0.083058	0.095156	4.0058	0.6797	0.2649	0.1472	0.0995	0.5
0.6	0.50805	0.17171	0.066691	0.038351	0.029336	0.039953	4.0058	0.6797	0.2649	0.1472	0.0995	0.5
0.6	0.59246	0.22895	0.12	0.067648	0.055894	0.045255	4.0058	0.6797	0.2649	0.1472	0.0995	0.5
0.6	0.84278	0.22733	0.07848	0.035557	0.026946	0.016513	4.0058	0.6797	0.2649	0.1472	0.0995	0.5
0.6	0.41127	0.1965	0.11556	0.10178	0.063615	0.065091	4.0058	0.6797	0.2649	0.1472	0.0995	0.5
0.6	0.6538	0.53534	0.28709	0.11085	0.098474	0.070775	4.0058	0.6797	0.2649	0.1472	0.0995	0.5
0.6	0.79888	0.2249	0.14226	0.094812	0.087885	0.083244	4.0058	0.6797	0.2649	0.1472	0.0995	0.5
0.6	0.66433	0.39536	0.15355	0.094828	0.063578	0.048498	4.0058	0.6797	0.2649	0.1472	0.0995	0.5
0.7	0.81966	0.2514	0.28674	0.3043	0.1647	0.089685	4.0058	0.6797	0.2649	0.1472	0.0995	0.5
0.7	0.6187	0.42077	0.16361	0.15974	0.12575	0.067527	4.0058	0.6797	0.2649	0.1472	0.0995	0.5
0.7	0.49186	0.13071	0.058465	0.032083	0.01982	0.012795	4.0058	0.6797	0.2649	0.1472	0.0995	0.5
0.7	0.65648	0.1213	0.064135	0.056956	0.033967	0.020808	4.0058	0.6797	0.2649	0.1472	0.0995	0.5
0.7	0.77075	0.46282	0.46034	0.18447	0.21348	0.13334	4.0058	0.6797	0.2649	0.1472	0.0995	0.5
0.7	0.95948	0.4433	0.18058	0.16582	0.17776	0.08859	4.0058	0.6797	0.2649	0.1472	0.0995	0.5
0.7	0.46471	0.46712	0.29602	0.12753	0.086238	0.068386	4.0058	0.6797	0.2649	0.1472	0.0995	0.5
0.7	0.41712	0.22273	0.15218	0.1242	0.10401	0.11417	4.0058	0.6797	0.2649	0.1472	0.0995	0.5
0.7	0.60248	0.34817	0.15969	0.1782	0.092298	0.0586	4.0058	0.6797	0.2649	0.1472	0.0995	0.5
0.7	0.66837	0.90177	0.37159	0.20389	0.16943	0.14773	4.0058	0.6797	0.2649	0.1472	0.0995	0.5
0.7	0.51229	0.22383	0.17519	0.072273	0.033053	0.020613	4.0058	0.6797	0.2649	0.1472	0.0995	0.5
0.7	0.79962	0.40813	0.26767	0.13729	0.10018	0.068604	4.0058	0.6797	0.2649	0.1472	0.0995	0.5
0.7	0.60363	0.19348	0.07977	0.02857	0.019761	0.016248	4.0058	0.6797	0.2649	0.1472	0.0995	0.5
0.7	0.43941	0.15022	0.050288	0.043499	0.025225	0.014798	4.0058	0.6797	0.2649	0.1472	0.0995	0.5
0.7	0.33654	0.093526	0.074061	0.056856	0.035049	0.022498	4.0058	0.6797	0.2649	0.1472	0.0995	0.5
0.7	0.71734	0.56668	0.23742	0.11219	0.070338	0.046754	4.0058	0.6797	0.2649	0.1472	0.0995	0.5
0.7	0.97649	0.25288	0.099535	0.046239	0.049223	0.054367	4.0058	0.6797	0.2649	0.1472	0.0995	0.5
0.7	0.49469	0.087323	0.047528	0.038976	0.034356	0.031316	4.0058	0.6797	0.2649	0.1472	0.0995	0.5
0.7	0.48917	0.1745	0.10625	0.10336	0.12804	0.10506	4.0058	0.6797	0.2649	0.1472	0.0995	0.5
0.7	0.61237	0.19566	0.076684	0.061863	0.0678	0.06691	4.0058	0.6797	0.2649	0.1472	0.0995	0.5
0.7	1.4245	0.51122	0.35689	0.23333	0.25631	0.25991	4.0058	0.6797	0.2649	0.1472	0.0995	0.5
0.7	1.5041	0.51452	0.31716	0.31985	0.34575	0.2486	4.0058	0.6797	0.2649	0.1472	0.0995	0.5
0.7	1.7159	0.31996	0.18547	0.081123	0.054359	0.033997	4.0058	0.6797	0.2649	0.1472	0.0995	0.5
0.7	1.2732	0.29167	0.12717	0.056265	0.031585	0.019298	4.0058	0.6797	0.2649	0.1472	0.0995	0.5
0.7	0.64525	0.5112	0.19948	0.08385	0.04638	0.026944	4.0058	0.6797	0.2649	0.1472	0.0995	0.5
0.7	0.92016	0.22249	0.12385	0.069726	0.038273	0.023885	4.0058	0.6797	0.2649	0.1472	0.0995	0.5
0.7	0.41953	0.20962	0.10979	0.045269	0.032793	0.02462	4.0058	0.6797	0.2649	0.1472	0.0995	0.5
0.7	0.39974	0.23619	0.090467	0.060651	0.067522	0.046661	4.0058	0.6797	0.2649	0.1472	0.0995	0.5
0.7	0.95609	0.34958	0.29131	0.11411	0.070879	0.045358	4.0058	0.6797	0.2649	0.1472	0.0995	0.5
0.7	0.74912	0.40153	0.16214	0.12067	0.087517	0.068657	4.0058	0.6797	0.2649	0.1472	0.0995	0.5
0.7	0.36013	0.13583	0.14742	0.090739	0.072832	0.072063	4.0058	0.6797	0.2649	0.1472	0.0995	0.5
0.7	0.52132	0.35644	0.302	0.43576	0.49369	0.40729	4.0058	0.6797	0.2649	0.1472	0.0995	0.5
0.7	0.97439	0.68881	0.35908	0.46571	0.23922	0.22787	4.0058	0.6797	0.2649	0.1472	0.0995	0.5
0.7	1.1915	0.74834	0.20209	0.14555	0.15132	0.11567	4.0058	0.6797	0.2649	0.1472	0.0995	0.5
0.7	0.96473	0.41214	0.75156	0.45515	0.3237	0.22216	4.0058	0.6797	0.2649	0.1472	0.0995	0.5
0.7	1.5089	0.77498	0.45673	0.55039	0.56059	0.38779	4.0058	0.6797	0.2649	0.1472	0.0995	0.5
0.7	0.44005	0.16948	0.070251	0.06526	0.0969	0.11101	4.0058	0.6797	0.2649	0.1472	0.0995	0.5
0.7	0.59272	0.20033	0.077806	0.044743	0.034225	0.046611	4.0058	0.6797	0.2649	0.1472	0.0995	0.5
0.7	0.6912	0.26711	0.14	0.078922	0.06521	0.052798	4.0058	0.6797	0.2649	0.1472	0.0995	0.5
0.7	0.98325	0.26522	0.09156	0.041483	0.031437	0.019265	4.0058	0.6797	0.2649	0.1472	0.0995	0.5
0.7	0.47981	0.22925	0.13482	0.11874	0.074218	0.075939	4.0058	0.6797	0.2649	0.1472	0.0995	0.5
0.7	0.76277	0.62456	0.33494	0.12933	0.11488	0.082569	4.0058	0.6797	0.2649	0.1472	0.0995	0.5
0.7	0.93202	0.26239	0.16597	0.11061	0.10253	0.097118	4.0058	0.6797	0.2649	0.1472	0.0995	0.5
0.7	0.77505	0.46125	0.17914	0.11063	0.074174	0.056581	4.0058	0.6797	0.2649	0.1472	0.0995	0.5
0.8	0.93675	0.28731	0.3277	0.34777	0.18823	0.1025	4.0058	0.6797	0.2649	0.1472	0.0995	0.5
0.8	0.70708	0.48087	0.18698	0.18256	0.14372	0.077173	4.0058	0.6797	0.2649	0.1472	0.0995	0.5
0.8	0.56213	0.14938	0.066818	0.036667	0.022652	0.014623	4.0058	0.6797	0.2649	0.1472	0.0995	0.5
0.8	0.75026	0.13863	0.073298	0.065093	0.03882	0.023781	4.0058	0.6797	0.2649	0.1472	0.0995	0.5
0.8	0.88086	0.52893	0.5261	0.21082	0.24398	0.15239	4.0058	0.6797	0.2649	0.1472	0.0995	0.5
0.8	1.0965	0.50664	0.20637	0.18951	0.20315	0.10125	4.0058	0.6797	0.2649	0.1472	0.0995	0.5
0.8	0.5311	0.53385	0.33831	0.14575	0.098558	0.078155	4.0058	0.6797	0.2649	0.1472	0.0995	0.5
0.8	0.4767	0.25455	0.17392	0.14194	0.11887	0.13048	4.0058	0.6797	0.2649	0.1472	0.0995	0.5
0.8	0.68855	0.39791	0.1825	0.20366	0.10548	0.066972	4.0058	0.6797	0.2649	0.1472	0.0995	0.5
0.8	0.76385	1.0306	0.42468	0.23302	0.19364	0.16883	4.0058	0.6797	0.2649	0.1472	0.0995	0.5
0.8	0.58548	0.25581	0.20021	0.082598	0.037775	0.023558	4.0058	0.6797	0.2649	0.1472	0.0995	0.5
0.8	0.91385	0.46643	0.30591	0.15691	0.1145	0.078404	4.0058	0.6797	0.2649	0.1472	0.0995	0.5
0.8	0.68986	0.22112	0.091165	0.032651	0.022584	0.018569	4.0058	0.6797	0.2649	0.1472	0.0995	0.5
0.8	0.50218	0.17168	0.057471	0.049713	0.028829	0.016913	4.0058	0.6797	0.2649	0.1472	0.0995	0.5
0.8	0.38462	0.10689	0.084641	0.064978	0.040056	0.025712	4.0058	0.6797	0.2649	0.1472	0.0995	0.5
0.8	0.81982	0.64763	0.27134	0.12822	0.080386	0.053433	4.0058	0.6797	0.2649	0.1472	0.0995	0.5
0.8	1.116	0.289	0.11375	0.052844	0.056255	0.062134	4.0058	0.6797	0.2649	0.1472	0.0995	0.5
0.8	0.56535	0.099797	0.054318	0.044544	0.039263	0.03579	4.0058	0.6797	0.2649	0.1472	0.0995	0.5
0.8	0.55906	0.19943	0.12143	0.11812	0.14633	0.12007	4.0058	0.6797	0.2649	0.1472	0.0995	0.5
0.8	0.69986	0.22361	0.087639	0.070701	0.077486	0.076469	4.0058	0.6797	0.2649	0.1472	0.0995	0.5
0.8	1.628	0.58426	0.40788	0.26666	0.29292	0.29704	4.0058	0.6797	0.2649	0.1472	0.0995	0.5
0.8	1.719	0.58802	0.36247	0.36554	0.39514	0.28412	4.0058	0.6797	0.2649	0.1472	0.0995	0.5
0.8	1.9611	0.36566	0.21197	0.092712	0.062125	0.038854	4.0058	0.6797	0.2649	0.1472	0.0995	0.5
0.8	1.4551	0.33334	0.14534	0.064301	0.036095	0.022054	4.0058	0.6797	0.2649	0.1472	0.0995	0.5
0.8	0.73742	0.58423	0.22798	0.095829	0.053007	0.030793	4.0058	0.6797	0.2649	0.1472	0.0995	0.5
0.8	1.0516	0.25427	0.14155	0.079686	0.04374	0.027297	4.0058	0.6797	0.2649	0.1472	0.0995	0.5
0.8	0.47946	0.23957	0.12548	0.051735	0.037478	0.028136	4.0058	0.6797	0.2649	0.1472	0.0995	0.5
0.8	0.45685	0.26993	0.10339	0.069315	0.077168	0.053327	4.0058	0.6797	0.2649	0.1472	0.0995	0.5
0.8	1.0927	0.39952	0.33293	0.13041	0.081005	0.051838	4.0058	0.6797	0.2649	0.1472	0.0995	0.5
0.8	0.85614	0.4589	0.1853	0.13791	0.10002	0.078466	4.0058	0.6797	0.2649	0.1472	0.0995	0.5
0.8	0.41158	0.15523	0.16848	0.1037	0.083236	0.082357	4.0058	0.6797	0.2649	0.1472	0.0995	0.5
0.8	0.59579	0.40736	0.34514	0.49801	0.56422	0.46548	4.0058	0.6797	0.2649	0.1472	0.0995	0.5
0.8	1.1136	0.78721	0.41037	0.53223	0.2734	0.26042	4.0058	0.6797	0.2649	0.1472	0.0995	0.5
0.8	1.3617	0.85524	0.23095	0.16634	0.17293	0.1322	4.0058	0.6797	0.2649	0.1472	0.0995	0.5
0.8	1.1025	0.47102	0.85893	0.52017	0.36994	0.2539	4.0058	0.6797	0.2649	0.1472	0.0995	0.5
0.8	1.7244	0.88569	0.52198	0.62902	0.64068	0.44319	4.0058	0.6797	0.2649	0.1472	0.0995	0.5
0.8	0.50291	0.19369	0.080287	0.074582	0.11074	0.12687	4.0058	0.6797	0.2649	0.1472	0.0995	0.5
0.8	0.6774	0.22895	0.08892	0.051135	0.039115	0.05327	4.0058	0.6797	0.2649	0.1472	0.0995	0.5
0.8	0.78994	0.30527	0.16001	0.090197	0.074525	0.06034	4.0058	0.6797	0.2649	0.1472	0.0995	0.5
0.8	1.1237	0.30311	0.10464	0.047408	0.035928	0.022017	4.0058	0.6797	0.2649	0.1472	0.0995	0.5
0.8	0.54835	0.262	0.15408	0.1357	0.08482	0.086787	4.0058	0.6797	0.2649	0.1472	0.0995	0.5
0.8	0.87174	0.71379	0.38279	0.1478	0.13129	0.094364	4.0058	0.6797	0.2649	0.1472	0.0995	0.5
0.8	1.0652	0.29987	0.18968	0.12641	0.11718	0.11099	4.0058	0.6797	0.2649	0.1472	0.0995	0.5
0.8	0.88577	0.52715	0.20473	0.12644	0.08477	0.064665	4.0058	0.6797	0.2649	0.1472	0.0995	0.5
0.9	1.0538	0.32322	0.36866	0.39124	0.21176	0.11531	4.0058	0.6797	0.2649	0.1472	0.0995	0.5
0.9	0.79547	0.54098	0.21035	0.20538	0.16168	0.086819	4.0058	0.6797	0.2649	0.1472	0.0995	0.5
0.9	0.63239	0.16805	0.075169	0.04125	0.025483	0.016451	4.0058	0.6797	0.2649	0.1472	0.0995	0.5
0.9	0.84404	0.15596	0.08246	0.073229	0.043672	0.026754	4.0058	0.6797	0.2649	0.1472	0.0995	0.5
0.9	0.99097	0.59505	0.59186	0.23718	0.27448	0.17144	4.0058	0.6797	0.2649	0.1472	0.0995	0.5
0.9	1.2336	0.56997	0.23217	0.2132	0.22855	0.1139	4.0058	0.6797	0.2649	0.1472	0.0995	0.5
0.9	0.59749	0.60058	0.3806	0.16397	0.11088	0.087924	4.0058	0.6797	0.2649	0.1472	0.0995	0.5
0.9	0.53629	0.28636	0.19566	0.15968	0.13373	0.1468	4.0058	0.6797	0.2649	0.1472	0.0995	0.5
0.9	0.77462	0.44764	0.20532	0.22911	0.11867	0.075343	4.0058	0.6797	0.2649	0.1472	0.0995	0.5
0.9	0.85934	1.1594	0.47776	0.26215	0.21784	0.18993	4.0058	0.6797	0.2649	0.1472	0.0995	0.5
0.9	0.65867	0.28778	0.22524	0.092922	0.042497	0.026502	4.0058	0.6797	0.2649	0.1472	0.0995	0.5
0.9	1.0281	0.52474	0.34415	0.17652	0.12881	0.088205	4.0058	0.6797	0.2649	0.1472	0.0995	0.5
0.9	0.77609	0.24876	0.10256	0.036733	0.025407	0.020891	4.0058	0.6797	0.2649	0.1472	0.0995	0.5
0.9	0.56495	0.19314	0.064656	0.055927	0.032432	0.019027	4.0058	0.6797	0.2649	0.1472	0.0995	0.5
0.9	0.43269	0.12025	0.095221	0.0731	0.045063	0.028926	4.0058	0.6797	0.2649	0.1472	0.0995	0.5
0.9	0.92229	0.72859	0.30526	0.14425	0.090434	0.060112	4.0058	0.6797	0.2649	0.1472	0.0995	0.5
0.9	1.2555	0.32513	0.12797	0.05945	0.063288	0.069901	4.0058	0.6797	0.2649	0.1472	0.0995	0.5
0.9	0.63603	0.11227	0.061108	0.050112	0.044172	0.040264	4.0058	0.6797	0.2649	0.1472	0.0995	0.5
0.9	0.62894	0.22436	0.13661	0.13289	0.16462	0.13507	4.0058	0.6797	0.2649	0.1472	0.0995	0.5
0.9	0.78734	0.25156	0.098594	0.079538	0.08717	0.086027	4.0058	0.6797	0.2649	0.1472	0.0995	0.5
0.9	1.8315	0.65729	0.45886	0.29999	0.32954	0.33417	4.0058	0.6797	0.2649	0.1472	0.0995	0.5
0.9	1.9339	0.66153	0.40778	0.41124	0.44454	0.31963	4.0058	0.6797	0.2649	0.1472	0.0995	0.5
0.9	2.2062	0.41137	0.23846	0.1043	0.069891	0.043711	4.0058	0.6797	0.2649	0.1472	0.0995	0.5
0.9	1.637	0.37501	0.1635	0.07234	0.040609	0.024812	4.0058	0.6797	0.2649	0.1472	0.0995	0.5
0.9	0.8296	0.65725	0.25648	0.10781	0.059633	0.034643	4.0058	0.6797	0.2649	0.1472	0.0995	0.5
0.9	1.1831	0.28606	0.15924	0.089649	0.049209	0.03071	4.0058	0.6797	0.2649	0.1472	0.0995	0.5
0.9	0.53939	0.26952	0.14116	0.058203	0.042162	0.031653	4.0058	0.6797	0.2649	0.1472	0.0995	0.5
0.9	0.51395	0.30367	0.11631	0.07798	0.086814	0.059993	4.0058	0.6797	0.2649	0.1472	0.0995	0.5
0.9	1.2293	0.44946	0.37454	0.14671	0.09113	0.058317	4.0058	0.6797	0.2649	0.1472	0.0995	0.5
0.9	0.96316	0.51626	0.20846	0.15514	0.11252	0.088274	4.0058	0.6797	0.2649	0.1472	0.0995	0.5
0.9	0.46303	0.17463	0.18954	0.11666	0.093641	0.092651	4.0058	0.6797	0.2649	0.1472	0.0995	0.5
0.9	0.67026	0.45828	0.38829	0.56026	0.63475	0.52366	4.0058	0.6797	0.2649	0.1472	0.0995	0.5
0.9	1.2528	0.8856	0.46167	0.59876	0.30757	0.29297	4.0058	0.6797	0.2649	0.1472	0.0995	0.5
0.9	1.5319	0.96215	0.25982	0.18713	0.19455	0.14872	4.0058	0.6797	0.2649	0.1472	0.0995	0.5
0.9	1.2404	0.5299	0.96629	0.5852	0.41619	0.28564	4.0058	0.6797	0.2649	0.1472	0.0995	0.5
0.9	1.94	0.99641	0.58722	0.70765	0.72076	0.49859	4.0058	0.6797	0.2649	0.1472	0.0995	0.5
0.9	0.56578	0.2179	0.090322	0.083906	0.12459	0.14273	4.0058	0.6797	0.2649	0.1472	0.0995	0.5
0.9	0.76207	0.25756	0.10004	0.057527	0.044004	0.059929	4.0058	0.6797	0.2649	0.1472	0.0995	0.5
0.9	0.88869	0.34343	0.18001	0.10147	0.083842	0.067883	4.0058	0.6797	0.2649	0.1472	0.0995	0.5
0.9	1.2642	0.341	0.11772	0.053335	0.040419	0.02477	4.0058	0.6797	0.2649	0.1472	0.0995	0.5
0.9	0.6169	0.29475	0.17334	0.15266	0.095423	0.097635	4.0058	0.6797	0.2649	0.1472	0.0995	0.5
0.9	0.9807	0.80301	0.43064	0.16627	0.14771	0.10616	4.0058	0.6797	0.2649	0.1472	0.0995	0.5
0.9	1.1983	0.33736	0.21339	0.14222	0.13183	0.12487	4.0058	0.6797	0.2649	0.1472	0.0995	0.5
0.9	0.99649	0.59304	0.23032	0.14224	0.095366	0.072747	4.0058	0.6797	0.2649	0.1472	0.0995	0.5
1	1.1709	0.35914	0.40962	0.43471	0.23529	0.12812	4.0058	0.6797	0.2649	0.1472	0.0995	0.5
1	0.88385	0.60109	0.23373	0.2282	0.17965	0.096466	4.0058	0.6797	0.2649	0.1472	0.0995	0.5
1	0.70266	0.18672	0.083521	0.045833	0.028314	0.018279	4.0058	0.6797	0.2649	0.1472	0.0995	0.5
1	0.93782	0.17329	0.091622	0.081365	0.048525	0.029726	4.0058	0.6797	0.2649	0.1472	0.0995	0.5
1	1.1011	0.66117	0.65762	0.26353	0.30497	0.19048	4.0058	0.6797	0.2649	0.1472	0.0995	0.5
1	1.3707	0.63329	0.25797	0.23689	0.25394	0.12656	4.0058	0.6797	0.2649	0.1472	0.0995	0.5
1	0.66387	0.66731	0.42289	0.18219	0.1232	0.097694	4.0058	0.6797	0.2649	0.1472	0.0995	0.5
1	0.59588	0.31818	0.2174	0.17743	0.14858	0.16311	4.0058	0.6797	0.2649	0.1472	0.0995	0.5
1	0.86069	0.49738	0.22813	0.25457	0.13185	0.083715	4.0058	0.6797	0.2649	0.1472	0.0995	0.5
1	0.95482	1.2882	0.53085	0.29128	0.24205	0.21104	4.0058	0.6797	0.2649	0.1472	0.0995	0.5
1	0.73185	0.31976	0.25026	0.10325	0.047219	0.029447	4.0058	0.6797	0.2649	0.1472	0.0995	0.5
1	1.1423	0.58304	0.38239	0.19613	0.14312	0.098005	4.0058	0.6797	0.2649	0.1472	0.0995	0.5
1	0.86232	0.2764	0.11396	0.040814	0.02823	0.023212	4.0058	0.6797	0.2649	0.1472	0.0995	0.5
1	0.62773	0.2146	0.07184	0.062142	0.036037	0.021141	4.0058	0.6797	0.2649	0.1472	0.0995	0.5
1	0.48077	0.13361	0.1058	0.081223	0.05007	0.032141	4.0058	0.6797	0.2649	0.1472	0.0995	0.5
1	1.0248	0.80954	0.33918	0.16028	0.10048	0.066792	4.0058	0.6797	0.2649	0.1472	0.0995	0.5
1	1.395	0.36125	0.14219	0.066055	0.070319	0.077668	4.0058	0.6797	0.2649	0.1472	0.0995	0.5
1	0.70669	0.12475	0.067899	0.055681	0.049081	0.044739	4.0058	0.6797	0.2649	0.1472	0.0995	0.5
1	0.69882	0.24929	0.15178	0.14765	0.18292	0.15008	4.0058	0.6797	0.2649	0.1472	0.0995	0.5
1	0.87482	0.27951	0.10955	0.088376	0.096857	0.095586	4.0058	0.6797	0.2649	0.1472	0.0995	0.5
1	2.035	0.73031	0.50985	0.33332	0.36616	0.3713	4.0058	0.6797	0.2649	0.1472	0.0995	0.5
1	2.1487	0.73503	0.45308	0.45693	0.49393	0.35515	4.0058	0.6797	0.2649	0.1472	0.0995	0.5
1	2.4513	0.45708	0.26495	0.11589	0.077656	0.048568	4.0058	0.6797	0.2649	0.1472	0.0995	0.5
1	1.8189	0.41668	0.18167	0.080377	0.04512	0.027568	4.0058	0.6797	0.2649	0.1472	0.0995	0.5
1	0.92178	0.73028	0.28497	0.11978	0.066257	0.038491	4.0058	0.6797	0.2649	0.1472	0.0995	0.5
1	1.3145	0.31784	0.17693	0.099608	0.054675	0.034121	4.0058	0.6797	0.2649	0.1472	0.0995	0.5
1	0.59932	0.29946	0.15685	0.064669	0.046847	0.035171	4.0058	0.6797	0.2649	0.1472	0.0995	0.5
1	0.57106	0.33742	0.12924	0.086644	0.096459	0.066658	4.0058	0.6797	0.2649	0.1472	0.0995	0.5
1	1.3658	0.4994	0.41616	0.16301	0.10126	0.064796	4.0058	0.6797	0.2649	0.1472	0.0995	0.5
1	1.0702	0.57362	0.23162	0.17238	0.12502	0.098081	4.0058	0.6797	0.2649	0.1472	0.0995	0.5
1	0.51447	0.19404	0.2106	0.12963	0.10405	0.10295	4.0058	0.6797	0.2649	0.1472	0.0995	0.5
1	0.74474	0.50919	0.43143	0.62251	0.70527	0.58185	4.0058	0.6797	0.2649	0.1472	0.0995	0.5
1	1.392	0.98401	0.51297	0.66529	0.34175	0.32552	4.0058	0.6797	0.2649	0.1472	0.0995	0.5
1	1.7021	1.0691	0.28869	0.20793	0.21617	0.16525	4.0058	0.6797	0.2649	0.1472	0.0995	0.5
1	1.3782	0.58878	1.0737	0.65022	0.46243	0.31737	4.0058	0.6797	0.2649	0.1472	0.0995	0.5
1	2.1555	1.1071	0.65247	0.78628	0.80085	0.55399	4.0058	0.6797	0.2649	0.1472	0.0995	0.5
1	0.62864	0.24211	0.10036	0.093229	0.13843	0.15859	4.0058	0.6797	0.2649	0.1472	0.0995	0.5
1	0.84675	0.28618	0.11115	0.063919	0.048893	0.066587	4.0058	0.6797	0.2649	0.1472	0.0995	0.5
1	0.98743	0.38158	0.20001	0.11275	0.093157	0.075425	4.0058	0.6797	0.2649	0.1472	0.0995	0.5
1	1.4046	0.37888	0.1308	0.059261	0.04491	0.027522	4.0058	0.6797	0.2649	0.1472	0.0995	0.5
1	0.68544	0.3275	0.1926	0.16962	0.10602	0.10848	4.0058	0.6797	0.2649	0.1472	0.0995	0.5
1	1.0897	0.89223	0.47849	0.18475	0.16412	0.11796	4.0058	0.6797	0.2649	0.1472	0.0995	0.5
1	1.3315	0.37484	0.2371	0.15802	0.14648	0.13874	4.0058	0.6797	0.2649	0.1472	0.0995	0.5
1	1.1072	0.65893	0.25591	0.15805	0.10596	0.080831	4.0058	0.6797	0.2649	0.1472	0.0995	0.5
0.1	0.14726	0.09385	0.069701	0.03954	0.021345	0.012302	4.0058	0.6797	0.2649	0.1472	0.0995	0.5
0.1	0.098824	0.09698	0.11318	0.083758	0.049429	0.032459	4.0058	0.6797	0.2649	0.1472	0.0995	0.5
0.1	0.19477	0.062118	0.053299	0.028195	0.023559	0.017827	4.0058	0.6797	0.2649	0.1472	0.0995	0.5
0.1	0.1436	0.097304	0.089166	0.05925	0.035981	0.020761	4.0058	0.6797	0.2649	0.1472	0.0995	0.5
0.1	0.11694	0.088537	0.075329	0.025384	0.012286	0.0096089	4.0058	0.6797	0.2649	0.1472	0.0995	0.5
0.1	0.10488	0.07279	0.088817	0.047823	0.026873	0.015895	4.0058	0.6797	0.2649	0.1472	0.0995	0.5
0.1	0.21318	0.18354	0.074861	0.037274	0.031613	0.022426	4.0058	0.6797	0.2649	0.1472	0.0995	0.5
0.1	0.13078	0.060625	0.046703	0.034156	0.016809	0.0081928	4.0058	0.6797	0.2649	0.1472	0.0995	0.5
0.1	0.087115	0.057399	0.021034	0.010702	0.0063108	0.0056096	4.0058	0.6797	0.2649	0.1472	0.0995	0.5
0.1	0.10616	0.041956	0.045837	0.040407	0.0272	0.023308	4.0058	0.6797	0.2649	0.1472	0.0995	0.5
0.1	0.16461	0.12161	0.054505	0.022873	0.012223	0.0077823	4.0058	0.6797	0.2649	0.1472	0.0995	0.5
0.1	0.11901	0.075933	0.04408	0.026894	0.015427	0.009134	4.0058	0.6797	0.2649	0.1472	0.0995	0.5
0.1	0.10278	0.023115	0.023945	0.0082166	0.0057747	0.0040152	4.0058	0.6797	0.2649	0.1472	0.0995	0.5
0.1	0.14819	0.056363	0.032259	0.016834	0.010571	0.0068041	4.0058	0.6797	0.2649	0.1472	0.0995	0.5
0.1	0.065453	0.044675	0.044628	0.042981	0.031787	0.024286	4.0058	0.6797	0.2649	0.1472	0.0995	0.5
0.1	0.037943	0.015182	0.01498	0.011842	0.0066379	0.0039547	4.0058	0.6797	0.2649	0.1472	0.0995	0.5
0.1	0.22127	0.065686	0.030595	0.017217	0.010086	0.0063083	4.0058	0.6797	0.2649	0.1472	0.0995	0.5
0.1	0.15764	0.093456	0.055102	0.016423	0.010476	0.0068689	4.0058	0.6797	0.2649	0.1472	0.0995	0.5
0.1	0.10104	0.074383	0.043448	0.015187	0.0071809	0.0043309	4.0058	0.6797	0.2649	0.1472	0.0995	0.5
0.1	0.1029	0.073046	0.040616	0.014945	0.0098684	0.0067326	4.0058	0.6797	0.2649	0.1472	0.0995	0.5
0.1	0.19124	0.090781	0.040667	0.040922	0.021207	0.013764	4.0058	0.6797	0.2649	0.1472	0.0995	0.5
0.1	0.1271	0.086983	0.055936	0.039453	0.030375	0.020368	4.0058	0.6797	0.2649	0.1472	0.0995	0.5
0.1	0.16134	0.096204	0.04404	0.05985	0.049431	0.027933	4.0058	0.6797	0.2649	0.1472	0.0995	0.5
0.1	0.18472	0.096532	0.057576	0.028796	0.029412	0.033897	4.0058	0.6797	0.2649	0.1472	0.0995	0.5
0.1	0.19152	0.1698	0.10674	0.081139	0.064949	0.05235	4.0058	0.6797	0.2649	0.1472	0.0995	0.5
0.1	0.35259	0.26517	0.20842	0.11566	0.11161	0.079708	4.0058	0.6797	0.2649	0.1472	0.0995	0.5
0.1	0.15328	0.060345	0.066318	0.044632	0.050026	0.045175	4.0058	0.6797	0.2649	0.1472	0.0995	0.5
0.1	0.14127	0.081449	0.043273	0.042104	0.047388	0.03143	4.0058	0.6797	0.2649	0.1472	0.0995	0.5
0.2	0.29452	0.1877	0.1394	0.079081	0.04269	0.024604	4.0058	0.6797	0.2649	0.1472	0.0995	0.5
0.2	0.19765	0.19396	0.22636	0.16752	0.098858	0.064918	4.0058	0.6797	0.2649	0.1472	0.0995	0.5
0.2	0.38953	0.12424	0.1066	0.056391	0.047119	0.035654	4.0058	0.6797	0.2649	0.1472	0.0995	0.5
0.2	0.28721	0.19461	0.17833	0.1185	0.071962	0.041522	4.0058	0.6797	0.2649	0.1472	0.0995	0.5
0.2	0.23387	0.17707	0.15066	0.050767	0.024571	0.019218	4.0058	0.6797	0.2649	0.1472	0.0995	0.5
0.2	0.20975	0.14558	0.17763	0.095646	0.053745	0.031791	4.0058	0.6797	0.2649	0.1472	0.0995	0.5
0.2	0.42637	0.36708	0.14972	0.074548	0.063225	0.044851	4.0058	0.6797	0.2649	0.1472	0.0995	0.5
0.2	0.26157	0.12125	0.093405	0.068312	0.033617	0.016386	4.0058	0.6797	0.2649	0.1472	0.0995	0.5
0.2	0.17423	0.1148	0.042068	0.021404	0.012622	0.011219	4.0058	0.6797	0.2649	0.1472	0.0995	0.5
0.2	0.21232	0.083913	0.091674	0.080814	0.054401	0.046616	4.0058	0.6797	0.2649	0.1472	0.0995	0.5
0.2	0.32922	0.24321	0.10901	0.045746	0.024446	0.015565	4.0058	0.6797	0.2649	0.1472	0.0995	0.5
0.2	0.23803	0.15187	0.088159	0.053788	0.030853	0.018268	4.0058	0.6797	0.2649	0.1472	0.0995	0.5
0.2	0.20555	0.04623	0.04789	0.016434	0.01155	0.008031	4.0058	0.6797	0.2649	0.1472	0.0995	0.5
0.2	0.29639	0.11273	0.064519	0.033668	0.021141	0.013608	4.0058	0.6797	0.2649	0.1472	0.0995	0.5
0.2	0.13091	0.08935	0.089256	0.085963	0.063574	0.048573	4.0058	0.6797	0.2649	0.1472	0.0995	0.5
0.2	0.075886	0.030363	0.02996	0.023684	0.013276	0.0079093	4.0058	0.6797	0.2649	0.1472	0.0995	0.5
0.2	0.44253	0.13137	0.061191	0.034435	0.020172	0.012617	4.0058	0.6797	0.2649	0.1472	0.0995	0.5
0.2	0.31527	0.18691	0.1102	0.032847	0.020952	0.013738	4.0058	0.6797	0.2649	0.1472	0.0995	0.5
0.2	0.20209	0.14877	0.086897	0.030374	0.014362	0.0086617	4.0058	0.6797	0.2649	0.1472	0.0995	0.5
0.2	0.20581	0.14609	0.081233	0.029891	0.019737	0.013465	4.0058	0.6797	0.2649	0.1472	0.0995	0.5
0.2	0.38248	0.18156	0.081334	0.081844	0.042413	0.027528	4.0058	0.6797	0.2649	0.1472	0.0995	0.5
0.2	0.2542	0.17397	0.11187	0.078905	0.06075	0.040737	4.0058	0.6797	0.2649	0.1472	0.0995	0.5
0.2	0.32267	0.19241	0.08808	0.1197	0.098863	0.055867	4.0058	0.6797	0.2649	0.1472	0.0995	0.5
0.2	0.36944	0.19306	0.11515	0.057593	0.058824	0.067795	4.0058	0.6797	0.2649	0.1472	0.0995	0.5
0.2	0.38304	0.33959	0.21347	0.16228	0.1299	0.1047	4.0058	0.6797	0.2649	0.1472	0.0995	0.5
0.2	0.70517	0.53034	0.41683	0.23132	0.22323	0.15942	4.0058	0.6797	0.2649	0.1472	0.0995	0.5
0.2	0.30656	0.12069	0.13264	0.089264	0.10005	0.09035	4.0058	0.6797	0.2649	0.1472	0.0995	0.5
0.2	0.28253	0.1629	0.086547	0.084208	0.094776	0.06286	4.0058	0.6797	0.2649	0.1472	0.0995	0.5
0.3	0.44178	0.28155	0.2091	0.11862	0.064035	0.036907	4.0058	0.6797	0.2649	0.1472	0.0995	0.5
0.3	0.29647	0.29094	0.33953	0.25127	0.14829	0.097377	4.0058	0.6797	0.2649	0.1472	0.0995	0.5
0.3	0.5843	0.18635	0.1599	0.084586	0.070678	0.053481	4.0058	0.6797	0.2649	0.1472	0.0995	0.5
0.3	0.43081	0.29191	0.2675	0.17775	0.10794	0.062283	4.0058	0.6797	0.2649	0.1472	0.0995	0.5
0.3	0.35081	0.26561	0.22599	0.076151	0.036857	0.028827	4.0058	0.6797	0.2649	0.1472	0.0995	0.5
0.3	0.31463	0.21837	0.26645	0.14347	0.080617	0.047686	4.0058	0.6797	0.2649	0.1472	0.0995	0.5
0.3	0.63955	0.55061	0.22458	0.11182	0.094838	0.067276	4.0058	0.6797	0.2649	0.1472	0.0995	0.5
0.3	0.39235	0.18188	0.14011	0.10247	0.050427	0.024578	4.0058	0.6797	0.2649	0.1472	0.0995	0.5
0.3	0.26134	0.1722	0.063102	0.032106	0.018932	0.016829	4.0058	0.6797	0.2649	0.1472	0.0995	0.5
0.3	0.31847	0.12587	0.13751	0.12122	0.081601	0.069925	4.0058	0.6797	0.2649	0.1472	0.0995	0.5
0.3	0.49383	0.36482	0.16351	0.06862	0.036669	0.023347	4.0058	0.6797	0.2649	0.1472	0.0995	0.5
0.3	0.35705	0.2278	0.13224	0.080682	0.04628	0.027402	4.0058	0.6797	0.2649	0.1472	0.0995	0.5
0.3	0.30834	0.069346	0.071835	0.02465	0.017324	0.012046	4.0058	0.6797	0.2649	0.1472	0.0995	0.5
0.3	0.44458	0.16909	0.096778	0.050501	0.031712	0.020412	4.0058	0.6797	0.2649	0.1472	0.0995	0.5
0.3	0.19636	0.13403	0.13388	0.12894	0.095362	0.072859	4.0058	0.6797	0.2649	0.1472	0.0995	0.5
0.3	0.11383	0.045545	0.044939	0.035526	0.019914	0.011864	4.0058	0.6797	0.2649	0.1472	0.0995	0.5
0.3	0.6638	0.19706	0.091787	0.051652	0.030258	0.018925	4.0058	0.6797	0.2649	0.1472	0.0995	0.5
0.3	0.47291	0.28037	0.16531	0.049269	0.031428	0.020606	4.0058	0.6797	0.2649	0.1472	0.0995	0.5
0.3	0.30313	0.22315	0.13035	0.045561	0.021543	0.012993	4.0058	0.6797	0.2649	0.1472	0.0995	0.5
0.3	0.30871	0.21914	0.12185	0.044836	0.029605	0.020197	4.0058	0.6797	0.2649	0.1472	0.0995	0.5
0.3	0.57371	0.27234	0.122	0.12277	0.06362	0.041292	4.0058	0.6797	0.2649	0.1472	0.0995	0.5
0.3	0.3813	0.26095	0.16781	0.11836	0.091125	0.061105	4.0058	0.6797	0.2649	0.1472	0.0995	0.5
0.3	0.48401	0.28861	0.13212	0.17955	0.14829	0.0838	4.0058	0.6797	0.2649	0.1472	0.0995	0.5
0.3	0.55415	0.2896	0.17273	0.086389	0.088236	0.10169	4.0058	0.6797	0.2649	0.1472	0.0995	0.5
0.3	0.57456	0.50939	0.32021	0.24342	0.19485	0.15705	4.0058	0.6797	0.2649	0.1472	0.0995	0.5
0.3	1.0578	0.79551	0.62525	0.34698	0.33484	0.23912	4.0058	0.6797	0.2649	0.1472	0.0995	0.5
0.3	0.45984	0.18103	0.19896	0.1339	0.15008	0.13552	4.0058	0.6797	0.2649	0.1472	0.0995	0.5
0.3	0.4238	0.24435	0.12982	0.12631	0.14216	0.094289	4.0058	0.6797	0.2649	0.1472	0.0995	0.5
0.4	0.58904	0.3754	0.27881	0.15816	0.08538	0.049209	4.0058	0.6797	0.2649	0.1472	0.0995	0.5
0.4	0.3953	0.38792	0.45271	0.33503	0.19771	0.12984	4.0058	0.6797	0.2649	0.1472	0.0995	0.5
0.4	0.77907	0.24847	0.21319	0.11278	0.094237	0.071308	4.0058	0.6797	0.2649	0.1472	0.0995	0.5
0.4	0.57441	0.38922	0.35666	0.237	0.14392	0.083045	4.0058	0.6797	0.2649	0.1472	0.0995	0.5
0.4	0.46774	0.35415	0.30132	0.10153	0.049143	0.038436	4.0058	0.6797	0.2649	0.1472	0.0995	0.5
0.4	0.41951	0.29116	0.35527	0.19129	0.10749	0.063581	4.0058	0.6797	0.2649	0.1472	0.0995	0.5
0.4	0.85274	0.73415	0.29944	0.1491	0.12645	0.089702	4.0058	0.6797	0.2649	0.1472	0.0995	0.5
0.4	0.52313	0.2425	0.18681	0.13662	0.067235	0.032771	4.0058	0.6797	0.2649	0.1472	0.0995	0.5
0.4	0.34846	0.22959	0.084136	0.042807	0.025243	0.022438	4.0058	0.6797	0.2649	0.1472	0.0995	0.5
0.4	0.42463	0.16783	0.18335	0.16163	0.1088	0.093233	4.0058	0.6797	0.2649	0.1472	0.0995	0.5
0.4	0.65843	0.48643	0.21802	0.091493	0.048892	0.031129	4.0058	0.6797	0.2649	0.1472	0.0995	0.5
0.4	0.47606	0.30373	0.17632	0.10758	0.061706	0.036536	4.0058	0.6797	0.2649	0.1472	0.0995	0.5
0.4	0.41111	0.092461	0.095781	0.032866	0.023099	0.016061	4.0058	0.6797	0.2649	0.1472	0.0995	0.5
0.4	0.59277	0.22545	0.12904	0.067336	0.042283	0.027217	4.0058	0.6797	0.2649	0.1472	0.0995	0.5
0.4	0.26181	0.1787	0.17851	0.17193	0.12715	0.097145	4.0058	0.6797	0.2649	0.1472	0.0995	0.5
0.4	0.15177	0.060726	0.059919	0.047368	0.026552	0.015819	4.0058	0.6797	0.2649	0.1472	0.0995	0.5
0.4	0.88506	0.26274	0.12238	0.068869	0.040343	0.025233	4.0058	0.6797	0.2649	0.1472	0.0995	0.5
0.4	0.63055	0.37382	0.22041	0.065694	0.041905	0.027476	4.0058	0.6797	0.2649	0.1472	0.0995	0.5
0.4	0.40418	0.29753	0.17379	0.060748	0.028724	0.017324	4.0058	0.6797	0.2649	0.1472	0.0995	0.5
0.4	0.41161	0.29218	0.16246	0.059782	0.039474	0.02693	4.0058	0.6797	0.2649	0.1472	0.0995	0.5
0.4	0.76495	0.36312	0.16267	0.16369	0.084827	0.055056	4.0058	0.6797	0.2649	0.1472	0.0995	0.5
0.4	0.50839	0.34793	0.22374	0.15781	0.1215	0.081474	4.0058	0.6797	0.2649	0.1472	0.0995	0.5
0.4	0.64534	0.38481	0.17616	0.2394	0.19773	0.11173	4.0058	0.6797	0.2649	0.1472	0.0995	0.5
0.4	0.73887	0.38613	0.2303	0.11519	0.11765	0.13559	4.0058	0.6797	0.2649	0.1472	0.0995	0.5
0.4	0.76608	0.67919	0.42695	0.32455	0.25979	0.2094	4.0058	0.6797	0.2649	0.1472	0.0995	0.5
0.4	1.4103	1.0607	0.83367	0.46264	0.44645	0.31883	4.0058	0.6797	0.2649	0.1472	0.0995	0.5
0.4	0.61312	0.24138	0.26527	0.17853	0.2001	0.1807	4.0058	0.6797	0.2649	0.1472	0.0995	0.5
0.4	0.56506	0.3258	0.17309	0.16841	0.18955	0.12572	4.0058	0.6797	0.2649	0.1472	0.0995	0.5
0.5	0.7363	0.46925	0.34851	0.1977	0.10672	0.061511	4.0058	0.6797	0.2649	0.1472	0.0995	0.5
0.5	0.49412	0.4849	0.56589	0.41879	0.24714	0.1623	4.0058	0.6797	0.2649	0.1472	0.0995	0.5
0.5	0.97383	0.31059	0.26649	0.14098	0.1178	0.089135	4.0058	0.6797	0.2649	0.1472	0.0995	0.5
0.5	0.71802	0.48652	0.44583	0.29625	0.17991	0.10381	4.0058	0.6797	0.2649	0.1472	0.0995	0.5
0.5	0.58468	0.44268	0.37665	0.12692	0.061428	0.048044	4.0058	0.6797	0.2649	0.1472	0.0995	0.5
0.5	0.52438	0.36395	0.44409	0.23912	0.13436	0.079477	4.0058	0.6797	0.2649	0.1472	0.0995	0.5
0.5	1.0659	0.91769	0.3743	0.18637	0.15806	0.11213	4.0058	0.6797	0.2649	0.1472	0.0995	0.5
0.5	0.65392	0.30313	0.23351	0.17078	0.084044	0.040964	4.0058	0.6797	0.2649	0.1472	0.0995	0.5
0.5	0.43557	0.28699	0.10517	0.053509	0.031554	0.028048	4.0058	0.6797	0.2649	0.1472	0.0995	0.5
0.5	0.53079	0.20978	0.22919	0.20203	0.136	0.11654	4.0058	0.6797	0.2649	0.1472	0.0995	0.5
0.5	0.82304	0.60803	0.27252	0.11437	0.061114	0.038911	4.0058	0.6797	0.2649	0.1472	0.0995	0.5
0.5	0.59508	0.37967	0.2204	0.13447	0.077133	0.04567	4.0058	0.6797	0.2649	0.1472	0.0995	0.5
0.5	0.51389	0.11558	0.11973	0.041083	0.028874	0.020076	4.0058	0.6797	0.2649	0.1472	0.0995	0.5
0.5	0.74097	0.28182	0.1613	0.084168	0.052853	0.03402	4.0058	0.6797	0.2649	0.1472	0.0995	0.5
0.5	0.32726	0.22338	0.22314	0.21491	0.15894	0.12143	4.0058	0.6797	0.2649	0.1472	0.0995	0.5
0.5	0.18971	0.075908	0.074899	0.059209	0.033189	0.019774	4.0058	0.6797	0.2649	0.1472	0.0995	0.5
0.5	1.1063	0.32843	0.15298	0.086087	0.05043	0.031542	4.0058	0.6797	0.2649	0.1472	0.0995	0.5
0.5	0.78818	0.46728	0.27551	0.082116	0.05238	0.034344	4.0058	0.6797	0.2649	0.1472	0.0995	0.5
0.5	0.50522	0.37191	0.21724	0.075935	0.035905	0.021654	4.0058	0.6797	0.2649	0.1472	0.0995	0.5
0.5	0.51452	0.36523	0.20308	0.074728	0.049342	0.033663	4.0058	0.6797	0.2649	0.1472	0.0995	0.5
0.5	0.95619	0.4539	0.20334	0.20461	0.10603	0.06882	4.0058	0.6797	0.2649	0.1472	0.0995	0.5
0.5	0.63549	0.43492	0.27968	0.19726	0.15188	0.10184	4.0058	0.6797	0.2649	0.1472	0.0995	0.5
0.5	0.80668	0.48102	0.2202	0.29925	0.24716	0.13967	4.0058	0.6797	0.2649	0.1472	0.0995	0.5
0.5	0.92359	0.48266	0.28788	0.14398	0.14706	0.16949	4.0058	0.6797	0.2649	0.1472	0.0995	0.5
0.5	0.9576	0.84898	0.53368	0.40569	0.32474	0.26175	4.0058	0.6797	0.2649	0.1472	0.0995	0.5
0.5	1.7629	1.3259	1.0421	0.5783	0.55806	0.39854	4.0058	0.6797	0.2649	0.1472	0.0995	0.5
0.5	0.7664	0.30172	0.33159	0.22316	0.25013	0.22588	4.0058	0.6797	0.2649	0.1472	0.0995	0.5
0.5	0.70633	0.40725	0.21637	0.21052	0.23694	0.15715	4.0058	0.6797	0.2649	0.1472	0.0995	0.5
0.6	0.88356	0.5631	0.41821	0.23724	0.12807	0.073813	4.0058	0.6797	0.2649	0.1472	0.0995	0.5
0.6	0.59295	0.58188	0.67907	0.50254	0.29657	0.19475	4.0058	0.6797	0.2649	0.1472	0.0995	0.5
0.6	1.1686	0.37271	0.31979	0.16917	0.14136	0.10696	4.0058	0.6797	0.2649	0.1472	0.0995	0.5
0.6	0.86162	0.58383	0.53499	0.3555	0.21589	0.12457	4.0058	0.6797	0.2649	0.1472	0.0995	0.5
0.6	0.70161	0.53122	0.45198	0.1523	0.073714	0.057653	4.0058	0.6797	0.2649	0.1472	0.0995	0.5
0.6	0.62926	0.43674	0.5329	0.28694	0.16124	0.095372	4.0058	0.6797	0.2649	0.1472	0.0995	0.5
0.6	1.2791	1.1012	0.44917	0.22364	0.18968	0.13455	4.0058	0.6797	0.2649	0.1472	0.0995	0.5
0.6	0.78471	0.36375	0.28022	0.20494	0.10085	0.049157	4.0058	0.6797	0.2649	0.1472	0.0995	0.5
0.6	0.52269	0.34439	0.1262	0.064211	0.037865	0.033657	4.0058	0.6797	0.2649	0.1472	0.0995	0.5
0.6	0.63694	0.25174	0.27502	0.24244	0.1632	0.13985	4.0058	0.6797	0.2649	0.1472	0.0995	0.5
0.6	0.98765	0.72964	0.32703	0.13724	0.073337	0.046694	4.0058	0.6797	0.2649	0.1472	0.0995	0.5
0.6	0.71409	0.4556	0.26448	0.16136	0.092559	0.054804	4.0058	0.6797	0.2649	0.1472	0.0995	0.5
0.6	0.61667	0.13869	0.14367	0.049301	0.034649	0.024092	4.0058	0.6797	0.2649	0.1472	0.0995	0.5
0.6	0.88916	0.33818	0.19356	0.101	0.063424	0.040825	4.0058	0.6797	0.2649	0.1472	0.0995	0.5
0.6	0.39272	0.26805	0.26777	0.25789	0.19072	0.14572	4.0058	0.6797	0.2649	0.1472	0.0995	0.5
0.6	0.22766	0.09109	0.08988	0.071052	0.039828	0.023728	4.0058	0.6797	0.2649	0.1472	0.0995	0.5
0.6	1.3276	0.39412	0.18357	0.1033	0.060515	0.03785	4.0058	0.6797	0.2649	0.1472	0.0995	0.5
0.6	0.94582	0.56074	0.33061	0.09854	0.062856	0.041213	4.0058	0.6797	0.2649	0.1472	0.0995	0.5
0.6	0.60626	0.4463	0.26069	0.091121	0.043085	0.025985	4.0058	0.6797	0.2649	0.1472	0.0995	0.5
0.6	0.61742	0.43828	0.2437	0.089673	0.059211	0.040396	4.0058	0.6797	0.2649	0.1472	0.0995	0.5
0.6	1.1474	0.54469	0.244	0.24553	0.12724	0.082583	4.0058	0.6797	0.2649	0.1472	0.0995	0.5
0.6	0.76259	0.5219	0.33561	0.23672	0.18225	0.12221	4.0058	0.6797	0.2649	0.1472	0.0995	0.5
0.6	0.96801	0.57722	0.26424	0.3591	0.29659	0.1676	4.0058	0.6797	0.2649	0.1472	0.0995	0.5
0.6	1.1083	0.57919	0.34545	0.17278	0.17647	0.20338	4.0058	0.6797	0.2649	0.1472	0.0995	0.5
0.6	1.1491	1.0188	0.64042	0.48683	0.38969	0.3141	4.0058	0.6797	0.2649	0.1472	0.0995	0.5
0.6	2.1155	1.591	1.2505	0.69395	0.66968	0.47825	4.0058	0.6797	0.2649	0.1472	0.0995	0.5
0.6	0.91968	0.36207	0.39791	0.26779	0.30016	0.27105	4.0058	0.6797	0.2649	0.1472	0.0995	0.5
0.6	0.8476	0.4887	0.25964	0.25262	0.28433	0.18858	4.0058	0.6797	0.2649	0.1472	0.0995	0.5
0.7	1.0308	0.65695	0.48791	0.27678	0.14941	0.086115	4.0058	0.6797	0.2649	0.1472	0.0995	0.5
0.7	0.69177	0.67886	0.79225	0.5863	0.346	0.22721	4.0058	0.6797	0.2649	0.1472	0.0995	0.5
0.7	1.3634	0.43482	0.37309	0.19737	0.16491	0.12479	4.0058	0.6797	0.2649	0.1472	0.0995	0.5
0.7	1.0052	0.68113	0.62416	0.41475	0.25187	0.14533	4.0058	0.6797	0.2649	0.1472	0.0995	0.5
0.7	0.81855	0.61976	0.5273	0.17768	0.085999	0.067262	4.0058	0.6797	0.2649	0.1472	0.0995	0.5
0.7	0.73413	0.50953	0.62172	0.33476	0.18811	0.11127	4.0058	0.6797	0.2649	0.1472	0.0995	0.5
0.7	1.4923	1.2848	0.52403	0.26092	0.22129	0.15698	4.0058	0.6797	0.2649	0.1472	0.0995	0.5
0.7	0.91549	0.42438	0.32692	0.23909	0.11766	0.05735	4.0058	0.6797	0.2649	0.1472	0.0995	0.5
0.7	0.6098	0.40179	0.14724	0.074913	0.044176	0.039267	4.0058	0.6797	0.2649	0.1472	0.0995	0.5
0.7	0.7431	0.2937	0.32086	0.28285	0.1904	0.16316	4.0058	0.6797	0.2649	0.1472	0.0995	0.5
0.7	1.1523	0.85125	0.38154	0.16011	0.085561	0.054476	4.0058	0.6797	0.2649	0.1472	0.0995	0.5
0.7	0.8331	0.53153	0.30856	0.18826	0.10799	0.063938	4.0058	0.6797	0.2649	0.1472	0.0995	0.5
0.7	0.71945	0.16181	0.16762	0.057516	0.040423	0.028106	4.0058	0.6797	0.2649	0.1472	0.0995	0.5
0.7	1.0374	0.39454	0.22582	0.11784	0.073994	0.047628	4.0058	0.6797	0.2649	0.1472	0.0995	0.5
0.7	0.45817	0.31273	0.3124	0.30087	0.22251	0.17	4.0058	0.6797	0.2649	0.1472	0.0995	0.5
0.7	0.2656	0.10627	0.10486	0.082894	0.046466	0.027683	4.0058	0.6797	0.2649	0.1472	0.0995	0.5
0.7	1.5489	0.45981	0.21417	0.12052	0.070601	0.044158	4.0058	0.6797	0.2649	0.1472	0.0995	0.5
0.7	1.1035	0.65419	0.38571	0.11496	0.073332	0.048082	4.0058	0.6797	0.2649	0.1472	0.0995	0.5
0.7	0.70731	0.52068	0.30414	0.10631	0.050267	0.030316	4.0058	0.6797	0.2649	0.1472	0.0995	0.5
0.7	0.72033	0.51132	0.28431	0.10462	0.069079	0.047128	4.0058	0.6797	0.2649	0.1472	0.0995	0.5
0.7	1.3387	0.63546	0.28467	0.28646	0.14845	0.096348	4.0058	0.6797	0.2649	0.1472	0.0995	0.5
0.7	0.88969	0.60888	0.39155	0.27617	0.21263	0.14258	4.0058	0.6797	0.2649	0.1472	0.0995	0.5
0.7	1.1293	0.67343	0.30828	0.41895	0.34602	0.19553	4.0058	0.6797	0.2649	0.1472	0.0995	0.5
0.7	1.293	0.67573	0.40303	0.20157	0.20588	0.23728	4.0058	0.6797	0.2649	0.1472	0.0995	0.5
0.7	1.3406	1.1886	0.74715	0.56797	0.45464	0.36645	4.0058	0.6797	0.2649	0.1472	0.0995	0.5
0.7	2.4681	1.8562	1.4589	0.80961	0.78129	0.55796	4.0058	0.6797	0.2649	0.1472	0.0995	0.5
0.7	1.073	0.42241	0.46423	0.31242	0.35018	0.31622	4.0058	0.6797	0.2649	0.1472	0.0995	0.5
0.7	0.98887	0.57015	0.30291	0.29473	0.33172	0.22001	4.0058	0.6797	0.2649	0.1472	0.0995	0.5
0.8	1.1781	0.7508	0.55761	0.31632	0.17076	0.098418	4.0058	0.6797	0.2649	0.1472	0.0995	0.5
0.8	0.79059	0.77584	0.90543	0.67006	0.39543	0.25967	4.0058	0.6797	0.2649	0.1472	0.0995	0.5
0.8	1.5581	0.49694	0.42639	0.22556	0.18847	0.14262	4.0058	0.6797	0.2649	0.1472	0.0995	0.5
0.8	1.1488	0.77843	0.71333	0.474	0.28785	0.16609	4.0058	0.6797	0.2649	0.1472	0.0995	0.5
0.8	0.93548	0.70829	0.60263	0.20307	0.098285	0.076871	4.0058	0.6797	0.2649	0.1472	0.0995	0.5
0.8	0.83901	0.58232	0.71054	0.38258	0.21498	0.12716	4.0058	0.6797	0.2649	0.1472	0.0995	0.5
0.8	1.7055	1.4683	0.59889	0.29819	0.2529	0.1794	4.0058	0.6797	0.2649	0.1472	0.0995	0.5
0.8	1.0463	0.485	0.37362	0.27325	0.13447	0.065542	4.0058	0.6797	0.2649	0.1472	0.0995	0.5
0.8	0.69692	0.45919	0.16827	0.085614	0.050486	0.044876	4.0058	0.6797	0.2649	0.1472	0.0995	0.5
0.8	0.84926	0.33565	0.3667	0.32325	0.2176	0.18647	4.0058	0.6797	0.2649	0.1472	0.0995	0.5
0.8	1.3169	0.97285	0.43604	0.18299	0.097783	0.062258	4.0058	0.6797	0.2649	0.1472	0.0995	0.5
0.8	0.95212	0.60746	0.35264	0.21515	0.12341	0.073072	4.0058	0.6797	0.2649	0.1472	0.0995	0.5
0.8	0.82223	0.18492	0.19156	0.065733	0.046198	0.032122	4.0058	0.6797	0.2649	0.1472	0.0995	0.5
0.8	1.1856	0.45091	0.25808	0.13467	0.084565	0.054433	4.0058	0.6797	0.2649	0.1472	0.0995	0.5
0.8	0.52362	0.3574	0.35703	0.34385	0.2543	0.19429	4.0058	0.6797	0.2649	0.1472	0.0995	0.5
0.8	0.30354	0.12145	0.11984	0.094735	0.053103	0.031637	4.0058	0.6797	0.2649	0.1472	0.0995	0.5
0.8	1.7701	0.52549	0.24476	0.13774	0.080687	0.050466	4.0058	0.6797	0.2649	0.1472	0.0995	0.5
0.8	1.2611	0.74765	0.44081	0.13139	0.083808	0.05495	4.0058	0.6797	0.2649	0.1472	0.0995	0.5
0.8	0.80835	0.59506	0.34759	0.1215	0.057448	0.034647	4.0058	0.6797	0.2649	0.1472	0.0995	0.5
0.8	0.82323	0.58437	0.32493	0.11956	0.078947	0.053861	4.0058	0.6797	0.2649	0.1472	0.0995	0.5
0.8	1.5299	0.72625	0.32534	0.32738	0.16965	0.11011	4.0058	0.6797	0.2649	0.1472	0.0995	0.5
0.8	1.0168	0.69587	0.44748	0.31562	0.243	0.16295	4.0058	0.6797	0.2649	0.1472	0.0995	0.5
0.8	1.2907	0.76963	0.35232	0.4788	0.39545	0.22347	4.0058	0.6797	0.2649	0.1472	0.0995	0.5
0.8	1.4777	0.77226	0.46061	0.23037	0.2353	0.27118	4.0058	0.6797	0.2649	0.1472	0.0995	0.5
0.8	1.5322	1.3584	0.85389	0.64911	0.51959	0.4188	4.0058	0.6797	0.2649	0.1472	0.0995	0.5
0.8	2.8207	2.1214	1.6673	0.92527	0.8929	0.63766	4.0058	0.6797	0.2649	0.1472	0.0995	0.5
0.8	1.2262	0.48276	0.53055	0.35706	0.40021	0.3614	4.0058	0.6797	0.2649	0.1472	0.0995	0.5
0.8	1.1301	0.6516	0.34619	0.33683	0.3791	0.25144	4.0058	0.6797	0.2649	0.1472	0.0995	0.5
0.9	1.3253	0.84465	0.62731	0.35586	0.1921	0.11072	4.0058	0.6797	0.2649	0.1472	0.0995	0.5
0.9	0.88942	0.87282	1.0186	0.75382	0.44486	0.29213	4.0058	0.6797	0.2649	0.1472	0.0995	0.5
0.9	1.7529	0.55906	0.47969	0.25376	0.21203	0.16044	4.0058	0.6797	0.2649	0.1472	0.0995	0.5
0.9	1.2924	0.87574	0.80249	0.53325	0.32383	0.18685	4.0058	0.6797	0.2649	0.1472	0.0995	0.5
0.9	1.0524	0.79683	0.67796	0.22845	0.11057	0.086479	4.0058	0.6797	0.2649	0.1472	0.0995	0.5
0.9	0.94389	0.65511	0.79935	0.43041	0.24185	0.14306	4.0058	0.6797	0.2649	0.1472	0.0995	0.5
0.9	1.9187	1.6518	0.67375	0.33547	0.28451	0.20183	4.0058	0.6797	0.2649	0.1472	0.0995	0.5
0.9	1.1771	0.54563	0.42032	0.30741	0.15128	0.073735	4.0058	0.6797	0.2649	0.1472	0.0995	0.5
0.9	0.78403	0.51659	0.18931	0.096317	0.056797	0.050486	4.0058	0.6797	0.2649	0.1472	0.0995	0.5
0.9	0.95542	0.37761	0.41253	0.36366	0.2448	0.20977	4.0058	0.6797	0.2649	0.1472	0.0995	0.5
0.9	1.4815	1.0945	0.49054	0.20586	0.11001	0.070041	4.0058	0.6797	0.2649	0.1472	0.0995	0.5
0.9	1.0711	0.6834	0.39672	0.24205	0.13884	0.082206	4.0058	0.6797	0.2649	0.1472	0.0995	0.5
0.9	0.92501	0.20804	0.21551	0.07395	0.051973	0.036137	4.0058	0.6797	0.2649	0.1472	0.0995	0.5
0.9	1.3337	0.50727	0.29034	0.1515	0.095136	0.061237	4.0058	0.6797	0.2649	0.1472	0.0995	0.5
0.9	0.58907	0.40208	0.40165	0.38683	0.28609	0.21858	4.0058	0.6797	0.2649	0.1472	0.0995	0.5
0.9	0.34149	0.13664	0.13482	0.10658	0.059741	0.035592	4.0058	0.6797	0.2649	0.1472	0.0995	0.5
0.9	1.9914	0.59118	0.27536	0.15496	0.090774	0.056775	4.0058	0.6797	0.2649	0.1472	0.0995	0.5
0.9	1.4187	0.8411	0.49592	0.14781	0.094284	0.061819	4.0058	0.6797	0.2649	0.1472	0.0995	0.5
0.9	0.90939	0.66945	0.39104	0.13668	0.064628	0.038978	4.0058	0.6797	0.2649	0.1472	0.0995	0.5
0.9	0.92613	0.65742	0.36555	0.13451	0.088816	0.060593	4.0058	0.6797	0.2649	0.1472	0.0995	0.5
0.9	1.7211	0.81703	0.366	0.3683	0.19086	0.12388	4.0058	0.6797	0.2649	0.1472	0.0995	0.5
0.9	1.1439	0.78285	0.50342	0.35508	0.27338	0.18332	4.0058	0.6797	0.2649	0.1472	0.0995	0.5
0.9	1.452	0.86584	0.39636	0.53865	0.44488	0.2514	4.0058	0.6797	0.2649	0.1472	0.0995	0.5
0.9	1.6625	0.86879	0.51818	0.25917	0.26471	0.30508	4.0058	0.6797	0.2649	0.1472	0.0995	0.5
0.9	1.7237	1.5282	0.96063	0.73025	0.58454	0.47115	4.0058	0.6797	0.2649	0.1472	0.0995	0.5
0.9	3.1733	2.3865	1.8758	1.0409	1.0045	0.71737	4.0058	0.6797	0.2649	0.1472	0.0995	0.5
0.9	1.3795	0.5431	0.59687	0.40169	0.45023	0.40657	4.0058	0.6797	0.2649	0.1472	0.0995	0.5
0.9	1.2714	0.73305	0.38946	0.37893	0.42649	0.28287	4.0058	0.6797	0.2649	0.1472	0.0995	0.5
1	1.4726	0.9385	0.69701	0.3954	0.21345	0.12302	4.0058	0.6797	0.2649	0.1472	0.0995	0.5
1	0.98824	0.9698	1.1318	0.83758	0.49429	0.32459	4.0058	0.6797	0.2649	0.1472	0.0995	0.5
1	1.9477	0.62118	0.53299	0.28195	0.23559	0.17827	4.0058	0.6797	0.2649	0.1472	0.0995	0.5
1	1.436	0.97304	0.89166	0.5925	0.35981	0.20761	4.0058	0.6797	0.2649	0.1472	0.0995	0.5
1	1.1694	0.88537	0.75329	0.25384	0.12286	0.096089	4.0058	0.6797	0.2649	0.1472	0.0995	0.5
1	1.0488	0.7279	0.88817	0.47823	0.26873	0.15895	4.0058	0.6797	0.2649	0.1472	0.0995	0.5
1	2.1318	1.8354	0.74861	0.37274	0.31613	0.22426	4.0058	0.6797	0.2649	0.1472	0.0995	0.5
1	1.3078	0.60625	0.46703	0.34156	0.16809	0.081928	4.0058	0.6797	0.2649	0.1472	0.0995	0.5
1	0.87115	0.57399	0.21034	0.10702	0.063108	0.056096	4.0058	0.6797	0.2649	0.1472	0.0995	0.5
1	1.0616	0.41956	0.45837	0.40407	0.272	0.23308	4.0058	0.6797	0.2649	0.1472	0.0995	0.5
1	1.6461	1.2161	0.54505	0.22873	0.12223	0.077823	4.0058	0.6797	0.2649	0.1472	0.0995	0.5
1	1.1901	0.75933	0.4408	0.26894	0.15427	0.09134	4.0058	0.6797	0.2649	0.1472	0.0995	0.5
1	1.0278	0.23115	0.23945	0.082166	0.057747	0.040152	4.0058	0.6797	0.2649	0.1472	0.0995	0.5
1	1.4819	0.56363	0.32259	0.16834	0.10571	0.068041	4.0058	0.6797	0.2649	0.1472	0.0995	0.5
1	0.65453	0.44675	0.44628	0.42981	0.31787	0.24286	4.0058	0.6797	0.2649	0.1472	0.0995	0.5
1	0.37943	0.15182	0.1498	0.11842	0.066379	0.039547	4.0058	0.6797	0.2649	0.1472	0.0995	0.5
1	2.2127	0.65686	0.30595	0.17217	0.10086	0.063083	4.0058	0.6797	0.2649	0.1472	0.0995	0.5
1	1.5764	0.93456	0.55102	0.16423	0.10476	0.068689	4.0058	0.6797	0.2649	0.1472	0.0995	0.5
1	1.0104	0.74383	0.43448	0.15187	0.071809	0.043309	4.0058	0.6797	0.2649	0.1472	0.0995	0.5
1	1.029	0.73046	0.40616	0.14945	0.098684	0.067326	4.0058	0.6797	0.2649	0.1472	0.0995	0.5
1	1.9124	0.90781	0.40667	0.40922	0.21207	0.13764	4.0058	0.6797	0.2649	0.1472	0.0995	0.5
1	1.271	0.86983	0.55936	0.39453	0.30375	0.20368	4.0058	0.6797	0.2649	0.1472	0.0995	0.5
1	1.6134	0.96204	0.4404	0.5985	0.49431	0.27933	4.0058	0.6797	0.2649	0.1472	0.0995	0.5
1	1.8472	0.96532	0.57576	0.28796	0.29412	0.33897	4.0058	0.6797	0.2649	0.1472	0.0995	0.5
1	1.9152	1.698	1.0674	0.81139	0.64949	0.5235	4.0058	0.6797	0.2649	0.1472	0.0995	0.5
1	3.5259	2.6517	2.0842	1.1566	1.1161	0.79708	4.0058	0.6797	0.2649	0.1472	0.0995	0.5
1	1.5328	0.60345	0.66318	0.44632	0.50026	0.45175	4.0058	0.6797	0.2649	0.1472	0.0995	0.5
1	1.4127	0.81449	0.43273	0.42104	0.47388	0.3143	4.0058	0.6797	0.2649	0.1472	0.0995	0.5
0.1	0.1311	0.032249	0.026742	0.032515	0.01905	0.012143	4.0058	0.6797	0.2649	0.1472	0.0995	0.5
0.1	0.061616	0.050084	0.024984	0.022997	0.01479	0.0075328	4.0058	0.6797	0.2649	0.1472	0.0995	0.5
0.1	0.072503	0.041284	0.018176	0.0085823	0.0061957	0.005854	4.0058	0.6797	0.2649	0.1472	0.0995	0.5
0.1	0.057716	0.022205	0.006488	0.0050629	0.0057064	0.0047111	4.0058	0.6797	0.2649	0.1472	0.0995	0.5
0.1	0.10347	0.043922	0.018662	0.014541	0.012475	0.0053458	4.0058	0.6797	0.2649	0.1472	0.0995	0.5
0.1	0.17197	0.046488	0.027711	0.025895	0.011498	0.0062054	4.0058	0.6797	0.2649	0.1472	0.0995	0.5
0.1	0.043909	0.0093993	0.0111	0.0061569	0.0032053	0.0016959	4.0058	0.6797	0.2649	0.1472	0.0995	0.5
0.1	0.044238	0.014471	0.010838	0.0067596	0.0034741	0.0021139	4.0058	0.6797	0.2649	0.1472	0.0995	0.5
0.1	0.027418	0.016867	0.008321	0.0046026	0.0045387	0.0032844	4.0058	0.6797	0.2649	0.1472	0.0995	0.5
0.1	0.088186	0.036061	0.014966	0.0068677	0.0041815	0.0024069	4.0058	0.6797	0.2649	0.1472	0.0995	0.5
0.1	0.1256	0.023908	0.020631	0.012045	0.0066822	0.004106	4.0058	0.6797	0.2649	0.1472	0.0995	0.5
0.1	0.074262	0.010151	0.010176	0.0052609	0.0031464	0.0033365	4.0058	0.6797	0.2649	0.1472	0.0995	0.5
0.1	0.060649	0.02563	0.0099425	0.0052524	0.0033183	0.0023125	4.0058	0.6797	0.2649	0.1472	0.0995	0.5
0.1	0.11373	0.025473	0.015099	0.00982	0.0060411	0.0043606	4.0058	0.6797	0.2649	0.1472	0.0995	0.5
0.1	0.049695	0.015774	0.012315	0.011129	0.007734	0.0053782	4.0058	0.6797	0.2649	0.1472	0.0995	0.5
0.1	0.031807	0.023968	0.012094	0.0057628	0.0055973	0.0036623	4.0058	0.6797	0.2649	0.1472	0.0995	0.5
0.1	0.15158	0.033358	0.014505	0.0081231	0.0047702	0.0030099	4.0058	0.6797	0.2649	0.1472	0.0995	0.5
0.1	0.067406	0.021556	0.027232	0.010335	0.0055241	0.0031354	4.0058	0.6797	0.2649	0.1472	0.0995	0.5
0.1	0.078395	0.050092	0.029904	0.013574	0.011952	0.0059648	4.0058	0.6797	0.2649	0.1472	0.0995	0.5
0.1	0.17804	0.098127	0.027479	0.019328	0.012604	0.0079155	4.0058	0.6797	0.2649	0.1472	0.0995	0.5
0.1	0.12158	0.080795	0.10638	0.11876	0.081394	0.054726	4.0058	0.6797	0.2649	0.1472	0.0995	0.5
0.1	0.10842	0.069672	0.089708	0.071901	0.044582	0.029187	4.0058	0.6797	0.2649	0.1472	0.0995	0.5
0.1	0.17472	0.10067	0.039968	0.028328	0.021025	0.016343	4.0058	0.6797	0.2649	0.1472	0.0995	0.5
0.1	0.18379	0.082694	0.049198	0.044338	0.034463	0.037684	4.0058	0.6797	0.2649	0.1472	0.0995	0.5
0.1	0.22013	0.10113	0.0267	0.009895	0.0063062	0.0034649	4.0058	0.6797	0.2649	0.1472	0.0995	0.5
0.1	0.20669	0.050533	0.051374	0.023353	0.018326	0.014555	4.0058	0.6797	0.2649	0.1472	0.0995	0.5
0.1	0.29005	0.16787	0.11725	0.058075	0.046538	0.025266	4.0058	0.6797	0.2649	0.1472	0.0995	0.5
0.1	0.18458	0.1259	0.082111	0.059762	0.041392	0.035378	4.0058	0.6797	0.2649	0.1472	0.0995	0.5
0.2	0.26219	0.064499	0.053485	0.065031	0.0381	0.024286	4.0058	0.6797	0.2649	0.1472	0.0995	0.5
0.2	0.12323	0.10017	0.049969	0.045994	0.029581	0.015066	4.0058	0.6797	0.2649	0.1472	0.0995	0.5
0.2	0.14501	0.082568	0.036353	0.017165	0.012391	0.011708	4.0058	0.6797	0.2649	0.1472	0.0995	0.5
0.2	0.11543	0.04441	0.012976	0.010126	0.011413	0.0094222	4.0058	0.6797	0.2649	0.1472	0.0995	0.5
0.2	0.20695	0.087844	0.037325	0.029082	0.024949	0.010692	4.0058	0.6797	0.2649	0.1472	0.0995	0.5
0.2	0.34395	0.092976	0.055423	0.051791	0.022997	0.012411	4.0058	0.6797	0.2649	0.1472	0.0995	0.5
0.2	0.087818	0.018799	0.0222	0.012314	0.0064106	0.0033918	4.0058	0.6797	0.2649	0.1472	0.0995	0.5
0.2	0.088475	0.028942	0.021676	0.013519	0.0069481	0.0042277	4.0058	0.6797	0.2649	0.1472	0.0995	0.5
0.2	0.054837	0.033734	0.016642	0.0092052	0.0090774	0.0065686	4.0058	0.6797	0.2649	0.1472	0.0995	0.5
0.2	0.17637	0.072122	0.029933	0.013735	0.0083629	0.0048138	4.0058	0.6797	0.2649	0.1472	0.0995	0.5
0.2	0.2512	0.047816	0.041262	0.024089	0.013364	0.0082121	4.0058	0.6797	0.2649	0.1472	0.0995	0.5
0.2	0.14852	0.020302	0.020352	0.010522	0.0062929	0.0066728	4.0058	0.6797	0.2649	0.1472	0.0995	0.5
0.2	0.1213	0.05126	0.019885	0.010505	0.0066365	0.0046249	4.0058	0.6797	0.2649	0.1472	0.0995	0.5
0.2	0.22746	0.050945	0.030198	0.01964	0.012082	0.0087212	4.0058	0.6797	0.2649	0.1472	0.0995	0.5
0.2	0.09939	0.031549	0.024631	0.022258	0.015468	0.010756	4.0058	0.6797	0.2649	0.1472	0.0995	0.5
0.2	0.063614	0.047936	0.024189	0.011526	0.011195	0.0073245	4.0058	0.6797	0.2649	0.1472	0.0995	0.5
0.2	0.30316	0.066716	0.02901	0.016246	0.0095405	0.0060198	4.0058	0.6797	0.2649	0.1472	0.0995	0.5
0.2	0.13481	0.043112	0.054465	0.02067	0.011048	0.0062708	4.0058	0.6797	0.2649	0.1472	0.0995	0.5
0.2	0.15679	0.10018	0.059808	0.027149	0.023903	0.01193	4.0058	0.6797	0.2649	0.1472	0.0995	0.5
0.2	0.35608	0.19626	0.054959	0.038656	0.025209	0.015831	4.0058	0.6797	0.2649	0.1472	0.0995	0.5
0.2	0.24315	0.16159	0.21277	0.23752	0.16279	0.10945	4.0058	0.6797	0.2649	0.1472	0.0995	0.5
0.2	0.21685	0.13934	0.17942	0.1438	0.089164	0.058374	4.0058	0.6797	0.2649	0.1472	0.0995	0.5
0.2	0.34943	0.20133	0.079937	0.056656	0.042051	0.032686	4.0058	0.6797	0.2649	0.1472	0.0995	0.5
0.2	0.36758	0.16539	0.098397	0.088676	0.068927	0.075368	4.0058	0.6797	0.2649	0.1472	0.0995	0.5
0.2	0.44026	0.20225	0.053401	0.01979	0.012612	0.0069298	4.0058	0.6797	0.2649	0.1472	0.0995	0.5
0.2	0.41337	0.10107	0.10275	0.046705	0.036652	0.029109	4.0058	0.6797	0.2649	0.1472	0.0995	0.5
0.2	0.58011	0.33575	0.2345	0.11615	0.093075	0.050532	4.0058	0.6797	0.2649	0.1472	0.0995	0.5
0.2	0.36915	0.25179	0.16422	0.11952	0.082784	0.070756	4.0058	0.6797	0.2649	0.1472	0.0995	0.5
0.3	0.39329	0.096748	0.080227	0.097545	0.05715	0.036428	4.0058	0.6797	0.2649	0.1472	0.0995	0.5
0.3	0.18485	0.15025	0.074953	0.06899	0.044371	0.022599	4.0058	0.6797	0.2649	0.1472	0.0995	0.5
0.3	0.21751	0.12385	0.054529	0.025747	0.018587	0.017562	4.0058	0.6797	0.2649	0.1472	0.0995	0.5
0.3	0.17315	0.066616	0.019464	0.015189	0.017119	0.014133	4.0058	0.6797	0.2649	0.1472	0.0995	0.5
0.3	0.31042	0.13176	0.055987	0.043623	0.037424	0.016038	4.0058	0.6797	0.2649	0.1472	0.0995	0.5
0.3	0.51592	0.13946	0.083135	0.077686	0.034495	0.018616	4.0058	0.6797	0.2649	0.1472	0.0995	0.5
0.3	0.13173	0.028198	0.033299	0.018471	0.0096158	0.0050877	4.0058	0.6797	0.2649	0.1472	0.0995	0.5
0.3	0.13271	0.043414	0.032513	0.020279	0.010422	0.0063416	4.0058	0.6797	0.2649	0.1472	0.0995	0.5
0.3	0.082255	0.050601	0.024963	0.013808	0.013616	0.009853	4.0058	0.6797	0.2649	0.1472	0.0995	0.5
0.3	0.26456	0.10818	0.044899	0.020603	0.012544	0.0072206	4.0058	0.6797	0.2649	0.1472	0.0995	0.5
0.3	0.37681	0.071723	0.061893	0.036133	0.020047	0.012318	4.0058	0.6797	0.2649	0.1472	0.0995	0.5
0.3	0.22279	0.030453	0.030528	0.015783	0.0094393	0.010009	4.0058	0.6797	0.2649	0.1472	0.0995	0.5
0.3	0.18195	0.07689	0.029828	0.015757	0.009955	0.0069375	4.0058	0.6797	0.2649	0.1472	0.0995	0.5
0.3	0.34118	0.076418	0.045296	0.02946	0.018123	0.013082	4.0058	0.6797	0.2649	0.1472	0.0995	0.5
0.3	0.14908	0.047323	0.036946	0.033387	0.023202	0.016135	4.0058	0.6797	0.2649	0.1472	0.0995	0.5
0.3	0.095422	0.071904	0.036283	0.017288	0.016792	0.010987	4.0058	0.6797	0.2649	0.1472	0.0995	0.5
0.3	0.45474	0.10008	0.043514	0.024369	0.014311	0.0090298	4.0058	0.6797	0.2649	0.1472	0.0995	0.5
0.3	0.20222	0.064667	0.081697	0.031005	0.016572	0.0094063	4.0058	0.6797	0.2649	0.1472	0.0995	0.5
0.3	0.23519	0.15028	0.089713	0.040722	0.035855	0.017894	4.0058	0.6797	0.2649	0.1472	0.0995	0.5
0.3	0.53412	0.29438	0.082438	0.057983	0.037812	0.023746	4.0058	0.6797	0.2649	0.1472	0.0995	0.5
0.3	0.36473	0.24239	0.31915	0.35628	0.24418	0.16418	4.0058	0.6797	0.2649	0.1472	0.0995	0.5
0.3	0.32527	0.20902	0.26913	0.2157	0.13375	0.087562	4.0058	0.6797	0.2649	0.1472	0.0995	0.5
0.3	0.52415	0.302	0.1199	0.084984	0.063076	0.049029	4.0058	0.6797	0.2649	0.1472	0.0995	0.5
0.3	0.55137	0.24808	0.1476	0.13301	0.10339	0.11305	4.0058	0.6797	0.2649	0.1472	0.0995	0.5
0.3	0.6604	0.30338	0.080101	0.029685	0.018918	0.010394	4.0058	0.6797	0.2649	0.1472	0.0995	0.5
0.3	0.62006	0.1516	0.15412	0.070058	0.054978	0.043664	4.0058	0.6797	0.2649	0.1472	0.0995	0.5
0.3	0.87016	0.50362	0.35174	0.17423	0.13961	0.075798	4.0058	0.6797	0.2649	0.1472	0.0995	0.5
0.3	0.55373	0.37769	0.24633	0.17928	0.12418	0.10613	4.0058	0.6797	0.2649	0.1472	0.0995	0.5
0.4	0.52438	0.129	0.10697	0.13006	0.0762	0.048571	4.0058	0.6797	0.2649	0.1472	0.0995	0.5
0.4	0.24646	0.20034	0.099937	0.091987	0.059161	0.030131	4.0058	0.6797	0.2649	0.1472	0.0995	0.5
0.4	0.29001	0.16514	0.072706	0.034329	0.024783	0.023416	4.0058	0.6797	0.2649	0.1472	0.0995	0.5
0.4	0.23086	0.088821	0.025952	0.020252	0.022826	0.018844	4.0058	0.6797	0.2649	0.1472	0.0995	0.5
0.4	0.4139	0.17569	0.07465	0.058164	0.049898	0.021383	4.0058	0.6797	0.2649	0.1472	0.0995	0.5
0.4	0.68789	0.18595	0.11084	0.10358	0.045993	0.024821	4.0058	0.6797	0.2649	0.1472	0.0995	0.5
0.4	0.17564	0.037597	0.044399	0.024628	0.012821	0.0067838	4.0058	0.6797	0.2649	0.1472	0.0995	0.5
0.4	0.17695	0.057885	0.043351	0.027038	0.013896	0.0084553	4.0058	0.6797	0.2649	0.1472	0.0995	0.5
0.4	0.10967	0.067468	0.033284	0.01841	0.018155	0.013137	4.0058	0.6797	0.2649	0.1472	0.0995	0.5
0.4	0.35274	0.14424	0.059866	0.027471	0.016726	0.0096277	4.0058	0.6797	0.2649	0.1472	0.0995	0.5
0.4	0.50241	0.09563	0.082523	0.048179	0.026729	0.016424	4.0058	0.6797	0.2649	0.1472	0.0995	0.5
0.4	0.29705	0.040604	0.040703	0.021044	0.012586	0.013346	4.0058	0.6797	0.2649	0.1472	0.0995	0.5
0.4	0.2426	0.10252	0.03977	0.021009	0.013273	0.0092495	4.0058	0.6797	0.2649	0.1472	0.0995	0.5
0.4	0.45491	0.10189	0.060395	0.03928	0.024164	0.017442	4.0058	0.6797	0.2649	0.1472	0.0995	0.5
0.4	0.19878	0.063097	0.049262	0.044516	0.030936	0.021513	4.0058	0.6797	0.2649	0.1472	0.0995	0.5
0.4	0.12723	0.095872	0.048377	0.023051	0.022389	0.014649	4.0058	0.6797	0.2649	0.1472	0.0995	0.5
0.4	0.60632	0.13343	0.058019	0.032493	0.019081	0.01204	4.0058	0.6797	0.2649	0.1472	0.0995	0.5
0.4	0.26962	0.086224	0.10893	0.04134	0.022097	0.012542	4.0058	0.6797	0.2649	0.1472	0.0995	0.5
0.4	0.31358	0.20037	0.11962	0.054296	0.047806	0.023859	4.0058	0.6797	0.2649	0.1472	0.0995	0.5
0.4	0.71215	0.39251	0.10992	0.07731	0.050416	0.031661	4.0058	0.6797	0.2649	0.1472	0.0995	0.5
0.4	0.4863	0.32318	0.42553	0.47504	0.32558	0.2189	4.0058	0.6797	0.2649	0.1472	0.0995	0.5
0.4	0.43369	0.27869	0.35883	0.28761	0.17833	0.11675	4.0058	0.6797	0.2649	0.1472	0.0995	0.5
0.4	0.69886	0.40266	0.15987	0.11331	0.084102	0.065373	4.0058	0.6797	0.2649	0.1472	0.0995	0.5
0.4	0.73516	0.33078	0.19679	0.17735	0.13785	0.15074	4.0058	0.6797	0.2649	0.1472	0.0995	0.5
0.4	0.88053	0.4045	0.1068	0.03958	0.025224	0.01386	4.0058	0.6797	0.2649	0.1472	0.0995	0.5
0.4	0.82674	0.20213	0.20549	0.093411	0.073304	0.058219	4.0058	0.6797	0.2649	0.1472	0.0995	0.5
0.4	1.1602	0.67149	0.46899	0.2323	0.18615	0.10106	4.0058	0.6797	0.2649	0.1472	0.0995	0.5
0.4	0.73831	0.50358	0.32844	0.23905	0.16557	0.14151	4.0058	0.6797	0.2649	0.1472	0.0995	0.5
0.5	0.65548	0.16125	0.13371	0.16258	0.09525	0.060714	4.0058	0.6797	0.2649	0.1472	0.0995	0.5
0.5	0.30808	0.25042	0.12492	0.11498	0.073951	0.037664	4.0058	0.6797	0.2649	0.1472	0.0995	0.5
0.5	0.36252	0.20642	0.090882	0.042911	0.030978	0.029269	4.0058	0.6797	0.2649	0.1472	0.0995	0.5
0.5	0.28858	0.11103	0.03244	0.025315	0.028532	0.023555	4.0058	0.6797	0.2649	0.1472	0.0995	0.5
0.5	0.51737	0.21961	0.093313	0.072705	0.062373	0.026729	4.0058	0.6797	0.2649	0.1472	0.0995	0.5
0.5	0.85986	0.23244	0.13856	0.12948	0.057491	0.031027	4.0058	0.6797	0.2649	0.1472	0.0995	0.5
0.5	0.21954	0.046997	0.055499	0.030784	0.016026	0.0084794	4.0058	0.6797	0.2649	0.1472	0.0995	0.5
0.5	0.22119	0.072357	0.054189	0.033798	0.01737	0.010569	4.0058	0.6797	0.2649	0.1472	0.0995	0.5
0.5	0.13709	0.084336	0.041605	0.023013	0.022694	0.016422	4.0058	0.6797	0.2649	0.1472	0.0995	0.5
0.5	0.44093	0.1803	0.074832	0.034339	0.020908	0.012035	4.0058	0.6797	0.2649	0.1472	0.0995	0.5
0.5	0.62801	0.11954	0.10315	0.060222	0.033411	0.02053	4.0058	0.6797	0.2649	0.1472	0.0995	0.5
0.5	0.37131	0.050755	0.05088	0.026304	0.015732	0.016682	4.0058	0.6797	0.2649	0.1472	0.0995	0.5
0.5	0.30325	0.12815	0.049713	0.026261	0.016592	0.011563	4.0058	0.6797	0.2649	0.1472	0.0995	0.5
0.5	0.56864	0.12736	0.075493	0.0491	0.030206	0.021803	4.0058	0.6797	0.2649	0.1472	0.0995	0.5
0.5	0.24847	0.078872	0.061577	0.055646	0.03867	0.026891	4.0058	0.6797	0.2649	0.1472	0.0995	0.5
0.5	0.15904	0.11984	0.060472	0.028814	0.027987	0.018311	4.0058	0.6797	0.2649	0.1472	0.0995	0.5
0.5	0.7579	0.16679	0.072524	0.040616	0.023851	0.01505	4.0058	0.6797	0.2649	0.1472	0.0995	0.5
0.5	0.33703	0.10778	0.13616	0.051675	0.027621	0.015677	4.0058	0.6797	0.2649	0.1472	0.0995	0.5
0.5	0.39198	0.25046	0.14952	0.067871	0.059758	0.029824	4.0058	0.6797	0.2649	0.1472	0.0995	0.5
0.5	0.8902	0.49064	0.1374	0.096639	0.063021	0.039577	4.0058	0.6797	0.2649	0.1472	0.0995	0.5
0.5	0.60788	0.40397	0.53192	0.59379	0.40697	0.27363	4.0058	0.6797	0.2649	0.1472	0.0995	0.5
0.5	0.54212	0.34836	0.44854	0.35951	0.22291	0.14594	4.0058	0.6797	0.2649	0.1472	0.0995	0.5
0.5	0.87358	0.50333	0.19984	0.14164	0.10513	0.081716	4.0058	0.6797	0.2649	0.1472	0.0995	0.5
0.5	0.91895	0.41347	0.24599	0.22169	0.17232	0.18842	4.0058	0.6797	0.2649	0.1472	0.0995	0.5
0.5	1.1007	0.50563	0.1335	0.049475	0.031531	0.017324	4.0058	0.6797	0.2649	0.1472	0.0995	0.5
0.5	1.0334	0.25266	0.25687	0.11676	0.09163	0.072774	4.0058	0.6797	0.2649	0.1472	0.0995	0.5
0.5	1.4503	0.83937	0.58624	0.29037	0.23269	0.12633	4.0058	0.6797	0.2649	0.1472	0.0995	0.5
0.5	0.92288	0.62948	0.41055	0.29881	0.20696	0.17689	4.0058	0.6797	0.2649	0.1472	0.0995	0.5
0.6	0.78657	0.1935	0.16045	0.19509	0.1143	0.072857	4.0058	0.6797	0.2649	0.1472	0.0995	0.5
0.6	0.3697	0.3005	0.14991	0.13798	0.088741	0.045197	4.0058	0.6797	0.2649	0.1472	0.0995	0.5
0.6	0.43502	0.24771	0.10906	0.051494	0.037174	0.035124	4.0058	0.6797	0.2649	0.1472	0.0995	0.5
0.6	0.34629	0.13323	0.038928	0.030378	0.034239	0.028267	4.0058	0.6797	0.2649	0.1472	0.0995	0.5
0.6	0.62085	0.26353	0.11197	0.087245	0.074847	0.032075	4.0058	0.6797	0.2649	0.1472	0.0995	0.5
0.6	1.0318	0.27893	0.16627	0.15537	0.06899	0.037233	4.0058	0.6797	0.2649	0.1472	0.0995	0.5
0.6	0.26345	0.056396	0.066599	0.036941	0.019232	0.010176	4.0058	0.6797	0.2649	0.1472	0.0995	0.5
0.6	0.26543	0.086827	0.065027	0.040557	0.020844	0.012683	4.0058	0.6797	0.2649	0.1472	0.0995	0.5
0.6	0.16451	0.1012	0.049926	0.027616	0.027232	0.019706	4.0058	0.6797	0.2649	0.1472	0.0995	0.5
0.6	0.52912	0.21636	0.089799	0.041207	0.025089	0.014442	4.0058	0.6797	0.2649	0.1472	0.0995	0.5
0.6	0.75362	0.14345	0.12379	0.072267	0.040093	0.024636	4.0058	0.6797	0.2649	0.1472	0.0995	0.5
0.6	0.44557	0.060906	0.061056	0.031565	0.018879	0.020019	4.0058	0.6797	0.2649	0.1472	0.0995	0.5
0.6	0.36389	0.15378	0.059655	0.031514	0.01991	0.013875	4.0058	0.6797	0.2649	0.1472	0.0995	0.5
0.6	0.68237	0.15284	0.090592	0.05892	0.036247	0.026164	4.0058	0.6797	0.2649	0.1472	0.0995	0.5
0.6	0.29817	0.094646	0.073892	0.066774	0.046404	0.032269	4.0058	0.6797	0.2649	0.1472	0.0995	0.5
0.6	0.19084	0.14381	0.072567	0.034577	0.033584	0.021974	4.0058	0.6797	0.2649	0.1472	0.0995	0.5
0.6	0.90948	0.20015	0.087029	0.048739	0.028622	0.01806	4.0058	0.6797	0.2649	0.1472	0.0995	0.5
0.6	0.40444	0.12934	0.16339	0.06201	0.033145	0.018812	4.0058	0.6797	0.2649	0.1472	0.0995	0.5
0.6	0.47037	0.30055	0.17942	0.081445	0.071709	0.035789	4.0058	0.6797	0.2649	0.1472	0.0995	0.5
0.6	1.0682	0.58876	0.16488	0.11597	0.075626	0.047493	4.0058	0.6797	0.2649	0.1472	0.0995	0.5
0.6	0.72946	0.48477	0.6383	0.71255	0.48837	0.32836	4.0058	0.6797	0.2649	0.1472	0.0995	0.5
0.6	0.65054	0.41803	0.53825	0.43141	0.26749	0.17512	4.0058	0.6797	0.2649	0.1472	0.0995	0.5
0.6	1.0483	0.60399	0.23981	0.16997	0.12615	0.098059	4.0058	0.6797	0.2649	0.1472	0.0995	0.5
0.6	1.1027	0.49616	0.29519	0.26603	0.20678	0.2261	4.0058	0.6797	0.2649	0.1472	0.0995	0.5
0.6	1.3208	0.60676	0.1602	0.05937	0.037837	0.020789	4.0058	0.6797	0.2649	0.1472	0.0995	0.5
0.6	1.2401	0.3032	0.30824	0.14012	0.10996	0.087328	4.0058	0.6797	0.2649	0.1472	0.0995	0.5
0.6	1.7403	1.0072	0.70349	0.34845	0.27923	0.1516	4.0058	0.6797	0.2649	0.1472	0.0995	0.5
0.6	1.1075	0.75537	0.49266	0.35857	0.24835	0.21227	4.0058	0.6797	0.2649	0.1472	0.0995	0.5
0.7	0.91767	0.22575	0.1872	0.22761	0.13335	0.084999	4.0058	0.6797	0.2649	0.1472	0.0995	0.5
0.7	0.43131	0.35059	0.17489	0.16098	0.10353	0.05273	4.0058	0.6797	0.2649	0.1472	0.0995	0.5
0.7	0.50752	0.28899	0.12724	0.060076	0.04337	0.040978	4.0058	0.6797	0.2649	0.1472	0.0995	0.5
0.7	0.40401	0.15544	0.045415	0.03544	0.039944	0.032977	4.0058	0.6797	0.2649	0.1472	0.0995	0.5
0.7	0.72432	0.30745	0.13064	0.10179	0.087323	0.037421	4.0058	0.6797	0.2649	0.1472	0.0995	0.5
0.7	1.2038	0.32542	0.19398	0.18127	0.080489	0.043437	4.0058	0.6797	0.2649	0.1472	0.0995	0.5
0.7	0.30736	0.065795	0.077698	0.043098	0.022437	0.011871	4.0058	0.6797	0.2649	0.1472	0.0995	0.5
0.7	0.30966	0.1013	0.075865	0.047317	0.024318	0.014797	4.0058	0.6797	0.2649	0.1472	0.0995	0.5
0.7	0.19193	0.11807	0.058247	0.032218	0.031771	0.02299	4.0058	0.6797	0.2649	0.1472	0.0995	0.5
0.7	0.6173	0.25242	0.10476	0.048074	0.02927	0.016848	4.0058	0.6797	0.2649	0.1472	0.0995	0.5
0.7	0.87922	0.16735	0.14442	0.084311	0.046776	0.028742	4.0058	0.6797	0.2649	0.1472	0.0995	0.5
0.7	0.51983	0.071056	0.071231	0.036826	0.022025	0.023355	4.0058	0.6797	0.2649	0.1472	0.0995	0.5
0.7	0.42455	0.17941	0.069598	0.036766	0.023228	0.016187	4.0058	0.6797	0.2649	0.1472	0.0995	0.5
0.7	0.79609	0.17831	0.10569	0.06874	0.042288	0.030524	4.0058	0.6797	0.2649	0.1472	0.0995	0.5
0.7	0.34786	0.11042	0.086208	0.077903	0.054138	0.037648	4.0058	0.6797	0.2649	0.1472	0.0995	0.5
0.7	0.22265	0.16778	0.084661	0.04034	0.039181	0.025636	4.0058	0.6797	0.2649	0.1472	0.0995	0.5
0.7	1.0611	0.23351	0.10153	0.056862	0.033392	0.021069	4.0058	0.6797	0.2649	0.1472	0.0995	0.5
0.7	0.47184	0.15089	0.19063	0.072346	0.038669	0.021948	4.0058	0.6797	0.2649	0.1472	0.0995	0.5
0.7	0.54877	0.35065	0.20933	0.095019	0.083661	0.041753	4.0058	0.6797	0.2649	0.1472	0.0995	0.5
0.7	1.2463	0.68689	0.19236	0.13529	0.08823	0.055408	4.0058	0.6797	0.2649	0.1472	0.0995	0.5
0.7	0.85103	0.56557	0.74468	0.83131	0.56976	0.38308	4.0058	0.6797	0.2649	0.1472	0.0995	0.5
0.7	0.75896	0.4877	0.62796	0.50331	0.31208	0.20431	4.0058	0.6797	0.2649	0.1472	0.0995	0.5
0.7	1.223	0.70466	0.27978	0.1983	0.14718	0.1144	4.0058	0.6797	0.2649	0.1472	0.0995	0.5
0.7	1.2865	0.57886	0.34439	0.31037	0.24125	0.26379	4.0058	0.6797	0.2649	0.1472	0.0995	0.5
0.7	1.5409	0.70788	0.1869	0.069265	0.044143	0.024254	4.0058	0.6797	0.2649	0.1472	0.0995	0.5
0.7	1.4468	0.35373	0.35962	0.16347	0.12828	0.10188	4.0058	0.6797	0.2649	0.1472	0.0995	0.5
0.7	2.0304	1.1751	0.82074	0.40652	0.32576	0.17686	4.0058	0.6797	0.2649	0.1472	0.0995	0.5
0.7	1.292	0.88126	0.57477	0.41833	0.28974	0.24764	4.0058	0.6797	0.2649	0.1472	0.0995	0.5
0.8	1.0488	0.258	0.21394	0.26012	0.1524	0.097142	4.0058	0.6797	0.2649	0.1472	0.0995	0.5
0.8	0.49293	0.40067	0.19987	0.18397	0.11832	0.060263	4.0058	0.6797	0.2649	0.1472	0.0995	0.5
0.8	0.58002	0.33027	0.14541	0.068658	0.049566	0.046832	4.0058	0.6797	0.2649	0.1472	0.0995	0.5
0.8	0.46173	0.17764	0.051903	0.040503	0.045651	0.037688	4.0058	0.6797	0.2649	0.1472	0.0995	0.5
0.8	0.8278	0.35137	0.1493	0.11633	0.099796	0.042766	4.0058	0.6797	0.2649	0.1472	0.0995	0.5
0.8	1.3758	0.3719	0.22169	0.20716	0.091986	0.049643	4.0058	0.6797	0.2649	0.1472	0.0995	0.5
0.8	0.35127	0.075195	0.088798	0.049255	0.025642	0.013567	4.0058	0.6797	0.2649	0.1472	0.0995	0.5
0.8	0.3539	0.11577	0.086703	0.054077	0.027793	0.016911	4.0058	0.6797	0.2649	0.1472	0.0995	0.5
0.8	0.21935	0.13494	0.066568	0.036821	0.036309	0.026274	4.0058	0.6797	0.2649	0.1472	0.0995	0.5
0.8	0.70549	0.28849	0.11973	0.054942	0.033452	0.019255	4.0058	0.6797	0.2649	0.1472	0.0995	0.5
0.8	1.0048	0.19126	0.16505	0.096356	0.053457	0.032848	4.0058	0.6797	0.2649	0.1472	0.0995	0.5
0.8	0.5941	0.081208	0.081408	0.042087	0.025172	0.026692	4.0058	0.6797	0.2649	0.1472	0.0995	0.5
0.8	0.48519	0.20504	0.07954	0.042019	0.026547	0.0185	4.0058	0.6797	0.2649	0.1472	0.0995	0.5
0.8	0.90982	0.20378	0.12079	0.07856	0.048329	0.034885	4.0058	0.6797	0.2649	0.1472	0.0995	0.5
0.8	0.39756	0.12619	0.098523	0.089032	0.061872	0.043026	4.0058	0.6797	0.2649	0.1472	0.0995	0.5
0.8	0.25446	0.19174	0.096754	0.046103	0.044779	0.029298	4.0058	0.6797	0.2649	0.1472	0.0995	0.5
0.8	1.2126	0.26687	0.11604	0.064985	0.038162	0.024079	4.0058	0.6797	0.2649	0.1472	0.0995	0.5
0.8	0.53925	0.17245	0.21786	0.08268	0.044193	0.025083	4.0058	0.6797	0.2649	0.1472	0.0995	0.5
0.8	0.62716	0.40074	0.23923	0.10859	0.095612	0.047718	4.0058	0.6797	0.2649	0.1472	0.0995	0.5
0.8	1.4243	0.78502	0.21983	0.15462	0.10083	0.063324	4.0058	0.6797	0.2649	0.1472	0.0995	0.5
0.8	0.97261	0.64636	0.85106	0.95007	0.65115	0.43781	4.0058	0.6797	0.2649	0.1472	0.0995	0.5
0.8	0.86738	0.55738	0.71767	0.57521	0.35666	0.2335	4.0058	0.6797	0.2649	0.1472	0.0995	0.5
0.8	1.3977	0.80532	0.31975	0.22662	0.1682	0.13074	4.0058	0.6797	0.2649	0.1472	0.0995	0.5
0.8	1.4703	0.66155	0.39359	0.35471	0.27571	0.30147	4.0058	0.6797	0.2649	0.1472	0.0995	0.5
0.8	1.7611	0.80901	0.2136	0.079161	0.050449	0.027719	4.0058	0.6797	0.2649	0.1472	0.0995	0.5
0.8	1.6535	0.40427	0.41099	0.18682	0.14661	0.11644	4.0058	0.6797	0.2649	0.1472	0.0995	0.5
0.8	2.3204	1.343	0.93799	0.4646	0.3723	0.20213	4.0058	0.6797	0.2649	0.1472	0.0995	0.5
0.8	1.4766	1.0072	0.65688	0.47809	0.33114	0.28302	4.0058	0.6797	0.2649	0.1472	0.0995	0.5
0.9	1.1799	0.29024	0.24068	0.29264	0.17145	0.10928	4.0058	0.6797	0.2649	0.1472	0.0995	0.5
0.9	0.55455	0.45076	0.22486	0.20697	0.13311	0.067796	4.0058	0.6797	0.2649	0.1472	0.0995	0.5
0.9	0.65253	0.37156	0.16359	0.077241	0.055761	0.052686	4.0058	0.6797	0.2649	0.1472	0.0995	0.5
0.9	0.51944	0.19985	0.058391	0.045567	0.051358	0.0424	4.0058	0.6797	0.2649	0.1472	0.0995	0.5
0.9	0.93127	0.3953	0.16796	0.13087	0.11227	0.048113	4.0058	0.6797	0.2649	0.1472	0.0995	0.5
0.9	1.5478	0.41839	0.2494	0.23306	0.10348	0.055848	4.0058	0.6797	0.2649	0.1472	0.0995	0.5
0.9	0.39518	0.084593	0.099898	0.055412	0.028848	0.015263	4.0058	0.6797	0.2649	0.1472	0.0995	0.5
0.9	0.39814	0.13024	0.09754	0.060836	0.031266	0.019024	4.0058	0.6797	0.2649	0.1472	0.0995	0.5
0.9	0.24677	0.1518	0.074889	0.041424	0.040848	0.029559	4.0058	0.6797	0.2649	0.1472	0.0995	0.5
0.9	0.79367	0.32455	0.1347	0.061809	0.037633	0.021662	4.0058	0.6797	0.2649	0.1472	0.0995	0.5
0.9	1.1304	0.21517	0.18568	0.1084	0.06014	0.036953	4.0058	0.6797	0.2649	0.1472	0.0995	0.5
0.9	0.66836	0.091359	0.091585	0.047349	0.028318	0.030028	4.0058	0.6797	0.2649	0.1472	0.0995	0.5
0.9	0.54584	0.23067	0.089483	0.047271	0.029865	0.020813	4.0058	0.6797	0.2649	0.1472	0.0995	0.5
0.9	1.0236	0.22925	0.13589	0.08838	0.054369	0.039245	4.0058	0.6797	0.2649	0.1472	0.0995	0.5
0.9	0.44725	0.14197	0.11084	0.10016	0.069606	0.048404	4.0058	0.6797	0.2649	0.1472	0.0995	0.5
0.9	0.28626	0.21571	0.10885	0.051865	0.050376	0.03296	4.0058	0.6797	0.2649	0.1472	0.0995	0.5
0.9	1.3642	0.30023	0.13054	0.073108	0.042932	0.027089	4.0058	0.6797	0.2649	0.1472	0.0995	0.5
0.9	0.60665	0.194	0.24509	0.093015	0.049718	0.028218	4.0058	0.6797	0.2649	0.1472	0.0995	0.5
0.9	0.70555	0.45083	0.26914	0.12217	0.10756	0.053683	4.0058	0.6797	0.2649	0.1472	0.0995	0.5
0.9	1.6024	0.88315	0.24731	0.17395	0.11344	0.071239	4.0058	0.6797	0.2649	0.1472	0.0995	0.5
0.9	1.0942	0.72715	0.95745	1.0688	0.73255	0.49253	4.0058	0.6797	0.2649	0.1472	0.0995	0.5
0.9	0.97581	0.62705	0.80738	0.64711	0.40124	0.26268	4.0058	0.6797	0.2649	0.1472	0.0995	0.5
0.9	1.5724	0.90599	0.35971	0.25495	0.18923	0.14709	4.0058	0.6797	0.2649	0.1472	0.0995	0.5
0.9	1.6541	0.74425	0.44279	0.39904	0.31017	0.33916	4.0058	0.6797	0.2649	0.1472	0.0995	0.5
0.9	1.9812	0.91014	0.2403	0.089056	0.056755	0.031184	4.0058	0.6797	0.2649	0.1472	0.0995	0.5
0.9	1.8602	0.4548	0.46236	0.21017	0.16493	0.13099	4.0058	0.6797	0.2649	0.1472	0.0995	0.5
0.9	2.6105	1.5109	1.0552	0.52267	0.41884	0.22739	4.0058	0.6797	0.2649	0.1472	0.0995	0.5
0.9	1.6612	1.1331	0.73899	0.53785	0.37253	0.3184	4.0058	0.6797	0.2649	0.1472	0.0995	0.5
1	1.311	0.32249	0.26742	0.32515	0.1905	0.12143	4.0058	0.6797	0.2649	0.1472	0.0995	0.5
1	0.61616	0.50084	0.24984	0.22997	0.1479	0.075328	4.0058	0.6797	0.2649	0.1472	0.0995	0.5
1	0.72503	0.41284	0.18176	0.085823	0.061957	0.05854	4.0058	0.6797	0.2649	0.1472	0.0995	0.5
1	0.57716	0.22205	0.06488	0.050629	0.057064	0.047111	4.0058	0.6797	0.2649	0.1472	0.0995	0.5
1	1.0347	0.43922	0.18662	0.14541	0.12475	0.053458	4.0058	0.6797	0.2649	0.1472	0.0995	0.5
1	1.7197	0.46488	0.27711	0.25895	0.11498	0.062054	4.0058	0.6797	0.2649	0.1472	0.0995	0.5
1	0.43909	0.093993	0.111	0.061569	0.032053	0.016959	4.0058	0.6797	0.2649	0.1472	0.0995	0.5
1	0.44238	0.14471	0.10838	0.067596	0.034741	0.021139	4.0058	0.6797	0.2649	0.1472	0.0995	0.5
1	0.27418	0.16867	0.08321	0.046026	0.045387	0.032844	4.0058	0.6797	0.2649	0.1472	0.0995	0.5
1	0.88186	0.36061	0.14966	0.068677	0.041815	0.024069	4.0058	0.6797	0.2649	0.1472	0.0995	0.5
1	1.256	0.23908	0.20631	0.12045	0.066822	0.04106	4.0058	0.6797	0.2649	0.1472	0.0995	0.5
1	0.74262	0.10151	0.10176	0.052609	0.031464	0.033365	4.0058	0.6797	0.2649	0.1472	0.0995	0.5
1	0.60649	0.2563	0.099425	0.052524	0.033183	0.023125	4.0058	0.6797	0.2649	0.1472	0.0995	0.5
1	1.1373	0.25473	0.15099	0.0982	0.060411	0.043606	4.0058	0.6797	0.2649	0.1472	0.0995	0.5
1	0.49695	0.15774	0.12315	0.11129	0.07734	0.053782	4.0058	0.6797	0.2649	0.1472	0.0995	0.5
1	0.31807	0.23968	0.12094	0.057628	0.055973	0.036623	4.0058	0.6797	0.2649	0.1472	0.0995	0.5
1	1.5158	0.33358	0.14505	0.081231	0.047702	0.030099	4.0058	0.6797	0.2649	0.1472	0.0995	0.5
1	0.67406	0.21556	0.27232	0.10335	0.055241	0.031354	4.0058	0.6797	0.2649	0.1472	0.0995	0.5
1	0.78395	0.50092	0.29904	0.13574	0.11952	0.059648	4.0058	0.6797	0.2649	0.1472	0.0995	0.5
1	1.7804	0.98127	0.27479	0.19328	0.12604	0.079155	4.0058	0.6797	0.2649	0.1472	0.0995	0.5
1	1.2158	0.80795	1.0638	1.1876	0.81394	0.54726	4.0058	0.6797	0.2649	0.1472	0.0995	0.5
1	1.0842	0.69672	0.89708	0.71901	0.44582	0.29187	4.0058	0.6797	0.2649	0.1472	0.0995	0.5
1	1.7472	1.0067	0.39968	0.28328	0.21025	0.16343	4.0058	0.6797	0.2649	0.1472	0.0995	0.5
1	1.8379	0.82694	0.49198	0.44338	0.34463	0.37684	4.0058	0.6797	0.2649	0.1472	0.0995	0.5
1	2.2013	1.0113	0.267	0.09895	0.063062	0.034649	4.0058	0.6797	0.2649	0.1472	0.0995	0.5
1	2.0669	0.50533	0.51374	0.23353	0.18326	0.14555	4.0058	0.6797	0.2649	0.1472	0.0995	0.5
1	2.9005	1.6787	1.1725	0.58075	0.46538	0.25266	4.0058	0.6797	0.2649	0.1472	0.0995	0.5
1	1.8458	1.259	0.82111	0.59762	0.41392	0.35378	4.0058	0.6797	0.2649	0.1472	0.0995	0.5
